Match,Date,Vs,Venue,How Dismissed,Out,Runs,Balls,TotalRuns
1,19/04/2008,Delhi Capitals,Arun Jaitley Stadium,b D L Vettori,1,29,23,29
2,21/04/2008,Kings XI Punjab,Sawai Mansingh Stadium,not out,0,36,25,65
3,24/04/2008,Deccan Chargers,Rajiv Gandhi International Stadium,b R P Singh,1,1,3,66
4,1/5/2008,Kolkata Knight Riders,Sawai Mansingh Stadium,b L R Shukla,1,33,19,99
5,7/5/2008,Mumbai Indians,Dr DY Patil Sports Academy,c †Y V Takawale b D S Kulkarni,1,0,1,99
6,11/5/2008,Delhi Capitals,Sawai Mansingh Stadium,b A Mishra,1,6,6,105
7,26/05/2008,Mumbai Indians,Sawai Mansingh Stadium,not out,0,23,20,128
8,30/05/2008,Delhi Capitals,Wankhede Stadium,c M F Maharoof b V Y Mahesh,1,7,5,135
9,1/6/2008,Chennai Super Kings,Dr DY Patil Sports Academy,c C K Kapugedera b J A Morkel,1,0,1,135
10,18/04/2009,Royal Challengers Bangalore,Newlands,c V Kohli b A Kumble,1,11,10,146
11,23/04/2009,Kolkata Knight Riders,Newlands,c Yashpal Singh b I Sharma,1,22,26,168
12,26/04/2009,Kings XI Punjab,Newlands,b Y A Abdulla,1,37,44,205
13,28/04/2009,Delhi Capitals,SuperSport Park,c P J Sangwan b A Mishra,1,16,13,221
14,30/04/2009,Chennai Super Kings,Buffalo Park,c M L Hayden b L Balaji,1,37,33,258
15,2/5/2009,Deccan Chargers,St George's Park,c D R Smith b Y Venugopal Rao,1,12,17,270
16,5/5/2009,Kings XI Punjab,Kingsmead,c D P M D Jayawardene b I K Pathan,1,33,12,303
17,7/5/2009,Royal Challengers Bangalore,SuperSport Park,not out,0,1,3,304
18,9/5/2009,Chennai Super Kings,Diamond Oval,c S K Raina b L Balaji,1,27,19,331
19,11/5/2009,Deccan Chargers,Diamond Oval,not out,0,19,20,350
20,14/05/2009,Mumbai Indians,Kingsmead,c D J J Bravo b S T Jayasuriya,1,42,32,392
21,17/05/2009,Delhi Capitals,Mangaung Oval,c †K D Karthik b A M Salvi,1,24,18,416
22,20/05/2009,Kolkata Knight Riders,Kingsmead,b S S Sarkar,1,14,19,430
23,9/4/2011,Royal Challengers Bangalore,Nehru Stadium (Kochi),not out,0,23,16,453
24,13/04/2011,Pune Warriors,Dr DY Patil Sports Academy,c W D Parnell b J D Ryder,1,47,33,500
25,15/04/2011,Mumbai Indians,Barabati Stadium,not out,0,25,11,525
26,18/04/2011,Chennai Super Kings,Nehru Stadium (Kochi),not out,0,16,6,541
27,20/04/2011,Kolkata Knight Riders,Eden Gardens,c Y K Pathan b B Lee,1,29,18,570
28,24/04/2011,Rajasthan Royals,Sawai Mansingh Stadium,c & b S K Warne,1,22,23,592
29,27/04/2011,Deccan Chargers,Nehru Stadium (Kochi),c D T Christian b A Mishra,1,23,35,615
30,30/04/2011,Delhi Capitals,Nehru Stadium (Kochi),c R E van der Merwe b A B Agarkar,1,31,22,646
31,5/5/2011,Kolkata Knight Riders,Nehru Stadium (Kochi),c Y K Pathan b R Bhatia,1,8,11,654
32,8/5/2011,Royal Challengers Bangalore,M Chinnaswamy Stadium,c M Kaif b A Mithun,1,23,22,677
33,13/05/2011,Kings XI Punjab,Holkar Cricket Stadium,lbw b P P Chawla,1,17,18,694
34,18/05/2011,Chennai Super Kings,MA Chidambaram Stadium,c S K Raina b D E Bollinger,1,19,13,713
35,4/4/2012,Mumbai Indians,MA Chidambaram Stadium,b S L Malinga,1,3,5,716
36,7/4/2012,Deccan Chargers,Dr YS Rajasekhara Reddy Cricket Stadium,hit wicket b D W Steyn,1,48,29,764
37,10/4/2012,Delhi Capitals,Arun Jaitley Stadium,c †N V Ojha b I K Pathan,1,13,17,777
38,12/4/2012,Royal Challengers Bangalore,MA Chidambaram Stadium,not out,0,4,1,781
39,14/04/2012,Pune Warriors,Maharashtra Cricket Association Stadium,c S P D Smith b A Nehra,1,44,26,825
40,19/04/2012,Pune Warriors,MA Chidambaram Stadium,c R Sharma b M N Samuels,1,7,3,832
41,28/04/2012,Kings XI Punjab,MA Chidambaram Stadium,c D J Hussey b P P Chawla,1,17,11,849
42,30/04/2012,Kolkata Knight Riders,MA Chidambaram Stadium,c D B Das b S P Narine,1,9,13,858
43,4/5/2012,Deccan Chargers,MA Chidambaram Stadium,c K C Sangakkara b A A Ashish Reddy,1,4,9,862
44,6/5/2012,Mumbai Indians,Wankhede Stadium,c J E C Franklin b S L Malinga,1,9,6,871
45,10/5/2012,Rajasthan Royals,Sawai Mansingh Stadium,c J Botha b Pankaj Singh,1,16,13,887
46,14/05/2012,Kolkata Knight Riders,Eden Gardens,not out,0,3,2,890
47,17/05/2012,Kings XI Punjab,Himachal Pradesh Cricket Association Stadium,c N Saini b P Awana,1,13,14,903
48,23/05/2012,Mumbai Indians,M Chinnaswamy Stadium,c R G Sharma b D S Kulkarni,1,1,2,904
49,6/4/2013,Mumbai Indians,MA Chidambaram Stadium,b M M Patel,1,16,11,920
50,13/04/2013,Royal Challengers Bangalore,MA Chidambaram Stadium,not out,0,38,20,958
51,15/04/2013,Pune Warriors,MA Chidambaram Stadium,c A B Dinda b M R Marsh,1,27,22,985
52,20/04/2013,Kolkata Knight Riders,Eden Gardens,not out,0,36,14,1021
53,22/04/2013,Rajasthan Royals,MA Chidambaram Stadium,b J P Faulkner,1,0,2,1021
54,25/04/2013,Sunrisers Hyderabad,MA Chidambaram Stadium,c A Mishra b D W Steyn,1,1,4,1022
55,28/04/2013,Kolkata Knight Riders,MA Chidambaram Stadium,not out,0,1,1,1023
56,2/5/2013,Kings XI Punjab,MA Chidambaram Stadium,not out,0,5,2,1028
57,5/5/2013,Mumbai Indians,Wankhede Stadium,c A T Rayudu b P P Ojha,1,20,16,1048
58,8/5/2013,Sunrisers Hyderabad,Rajiv Gandhi International Stadium,not out,0,14,6,1062
59,12/5/2013,Rajasthan Royals,Sawai Mansingh Stadium,not out,0,12,14,1074
60,14/05/2013,Delhi Capitals,MA Chidambaram Stadium,b U T Yadav,1,24,17,1098
61,18/05/2013,Royal Challengers Bangalore,M Chinnaswamy Stadium,c & b Z Khan,1,7,4,1105
62,26/05/2013,Mumbai Indians,Eden Gardens,c K A Pollard b Harbhajan Singh,1,0,2,1105
63,21/04/2014,Delhi Capitals,Sheikh Zayed Stadium,c †K D Karthik b J D Unadkat,1,7,3,1112
64,23/04/2014,Rajasthan Royals,Dubai International Cricket Stadium,not out,0,36,33,1148
65,27/04/2014,Sunrisers Hyderabad,Sharjah Cricket Stadium,b I Sharma,1,6,9,1154
66,2/5/2014,Kolkata Knight Riders,JSCA International Stadium Complex,not out,0,17,10,1171
67,7/5/2014,Kings XI Punjab,Barabati Stadium,b R Dhawan,1,17,8,1188
68,10/5/2014,Mumbai Indians,Wankhede Stadium,b S L Malinga,1,6,7,1194
69,13/05/2014,Rajasthan Royals,JSCA International Stadium Complex,not out,0,11,6,1205
70,18/05/2014,Royal Challengers Bangalore,JSCA International Stadium Complex,not out,0,10,9,1215
71,20/05/2014,Kolkata Knight Riders,Eden Gardens,not out,0,9,4,1224
72,30/05/2014,Kings XI Punjab,Wankhede Stadium,c M G Johnson b P Awana,1,27,21,1251
73,9/4/2015,Delhi Capitals,MA Chidambaram Stadium,st C M Gautam b A Mishra,1,17,18,1268
74,11/4/2015,Sunrisers Hyderabad,MA Chidambaram Stadium,run out,1,0,1,1268
75,22/04/2015,Royal Challengers Bangalore,M Chinnaswamy Stadium,c V Kohli b Iqbal Abdulla,1,8,8,1276
76,25/04/2015,Kings XI Punjab,MA Chidambaram Stadium,not out,0,18,11,1294
77,28/04/2015,Kolkata Knight Riders,MA Chidambaram Stadium,b G B Hogg,1,15,20,1309
78,30/04/2015,Kolkata Knight Riders,Eden Gardens,c P J Cummins b G B Hogg,1,24,30,1333
79,2/5/2015,Sunrisers Hyderabad,Rajiv Gandhi International Stadium,not out,0,14,12,1347
80,4/5/2015,Royal Challengers Bangalore,MA Chidambaram Stadium,c V Kohli b Y S Chahal,1,3,4,1350
81,12/5/2015,Delhi Capitals,Shaheed Veer Narayan Sing International Stadium,not out,0,3,4,1353
82,19/05/2015,Mumbai Indians,Wankhede Stadium,c J Suchith b M J McClenaghan,1,19,10,1372
83,22/05/2015,Royal Challengers Bangalore,JSCA International Stadium Complex,not out,0,0,0,1372
84,24/05/2015,Mumbai Indians,Eden Gardens,not out,0,11,8,1383
85,11/4/2016,Kings XI Punjab,Punjab Cricket Association IS Bindra Stadium,run out,1,8,12,1391
86,14/04/2016,Rising Pune Supergiant,Saurashtra Cricket Association Stadium,not out,0,4,8,1395
87,21/04/2016,Sunrisers Hyderabad,Saurashtra Cricket Association Stadium,b Mustafizur Rahman,1,14,14,1409
88,24/04/2016,Royal Challengers Bangalore,Saurashtra Cricket Association Stadium,c †K L Rahul b S R Watson,1,12,10,1421
89,27/04/2016,Delhi Capitals,Arun Jaitley Stadium,c †Q de Kock b J-P Duminy,1,4,7,1425
90,29/04/2016,Rising Pune Supergiant,Maharashtra Cricket Association Stadium,run out,1,0,1,1425
91,1/5/2016,Kings XI Punjab,Saurashtra Cricket Association Stadium,c †W P Saha b A R Patel,1,11,11,1436
92,3/5/2016,Delhi Capitals,Saurashtra Cricket Association Stadium,not out,0,36,26,1472
93,6/5/2016,Sunrisers Hyderabad,Rajiv Gandhi International Stadium,c B Kumar b Mustafizur Rahman,1,18,13,1490
94,8/5/2016,Kolkata Knight Riders,Eden Gardens,not out,0,9,9,1499
95,14/05/2016,Royal Challengers Bangalore,M Chinnaswamy Stadium,c & b C J Jordan,1,21,19,1520
96,19/05/2016,Kolkata Knight Riders,Green Park,not out,0,11,10,1531
97,21/05/2016,Mumbai Indians,Green Park,not out,0,21,15,1552
98,24/05/2016,Royal Challengers Bangalore,M Chinnaswamy Stadium,c C H Gayle b S R Watson,1,3,7,1555
99,27/05/2016,Sunrisers Hyderabad,Arun Jaitley Stadium,not out,0,19,15,1574
100,18/04/2017,Royal Challengers Bangalore,Saurashtra Cricket Association Stadium,run out,1,23,22,1597
101,21/04/2017,Kolkata Knight Riders,Eden Gardens,not out,0,19,13,1616
102,23/04/2017,Kings XI Punjab,Saurashtra Cricket Association Stadium,c & b K C Cariappa,1,9,7,1625
103,29/04/2017,Mumbai Indians,Saurashtra Cricket Association Stadium,c & b K H Pandya,1,28,21,1653
104,1/5/2017,Rising Pune Supergiant,Maharashtra Cricket Association Stadium,c J D Unadkat b D T Christian,1,19,12,1672
105,4/5/2017,Delhi Capitals,Arun Jaitley Stadium,not out,0,18,7,1690
106,7/5/2017,Kings XI Punjab,Punjab Cricket Association IS Bindra Stadium,not out,0,7,6,1697
107,10/5/2017,Delhi Capitals,Green Park,not out,0,13,7,1710
108,13/05/2017,Sunrisers Hyderabad,Green Park,not out,0,20,14,1730
109,7/4/2018,Mumbai Indians,Wankhede Stadium,c S A Yadav b Mustafizur Rahman,1,12,13,1742
110,10/4/2018,Kolkata Knight Riders,MA Chidambaram Stadium,not out,0,11,7,1753
111,15/04/2018,Kings XI Punjab,Punjab Cricket Association IS Bindra Stadium,c R Ashwin b A J Tye,1,19,13,1772
112,20/04/2018,Rajasthan Royals,Maharashtra Cricket Association Stadium,not out,0,2,1,1774
113,25/04/2018,Royal Challengers Bangalore,M Chinnaswamy Stadium,b Y S Chahal,1,3,5,1777
114,28/04/2018,Mumbai Indians,Maharashtra Cricket Association Stadium,not out,0,0,0,1777
115,30/04/2018,Delhi Capitals,Maharashtra Cricket Association Stadium,not out,0,0,0,1777
116,3/5/2018,Kolkata Knight Riders,Eden Gardens,c †K D Karthik b P P Chawla,1,12,12,1789
117,18/05/2018,Delhi Capitals,Arun Jaitley Stadium,not out,0,27,18,1816
118,22/05/2018,Sunrisers Hyderabad,Wankhede Stadium,c & b Sandeep Sharma,1,3,5,1819
119,23/03/2019,Royal Challengers Bangalore,MA Chidambaram Stadium,not out,0,6,15,1825
120,31/03/2019,Rajasthan Royals,MA Chidambaram Stadium,not out,0,8,3,1833
121,3/4/2019,Mumbai Indians,Wankhede Stadium,c †Q de Kock b H H Pandya,1,1,2,1834
122,11/4/2019,Rajasthan Royals,Sawai Mansingh Stadium,not out,0,9,4,1843
123,14/04/2019,Kolkata Knight Riders,Eden Gardens,not out,0,31,17,1874
124,17/04/2019,Sunrisers Hyderabad,Rajiv Gandhi International Stadium,not out,0,10,20,1884
125,21/04/2019,Royal Challengers Bangalore,M Chinnaswamy Stadium,run out,1,11,12,1895
126,1/5/2019,Delhi Capitals,MA Chidambaram Stadium,c & b C H Morris,1,25,10,1920
127,12/5/2019,Mumbai Indians,Rajiv Gandhi International Stadium,not out,0,5,5,1925
