Match,Date,Vs,Venue,D/N*,How Dismissed,Out,Runs,Balls,S/R,,TotalRuns,Avg,S/R
1,18/04/2008,Kolkata Knight Riders,M Chinnaswamy Stadium,Yes,b A B Dinda,1,1,5,20,,1,1,20
2,20/04/2008,Mumbai Indians,Wankhede Stadium,Yes,c †L Ronchi b A Nehra,1,23,14,164.29,,24,12,126.32
3,26/04/2008,Rajasthan Royals,M Chinnaswamy Stadium,Yes,c †M Rawat b M M Patel,1,13,14,92.86,,37,12.33,112.12
4,28/04/2008,Chennai Super Kings,M Chinnaswamy Stadium,Yes,b J A Morkel,1,12,7,171.43,,49,12.25,122.5
5,30/04/2008,Delhi Capitals,Arun Jaitley Stadium,Yes,not out,0,1,1,100,,50,12.5,121.95
6,3/5/2008,Deccan Chargers,M Chinnaswamy Stadium,Yes,c S B Bangar b R P Singh,1,38,29,131.03,,88,17.6,125.71
7,5/5/2008,Kings XI Punjab,M Chinnaswamy Stadium,Yes,c S Sreesanth b I K Pathan,1,34,36,94.44,,122,20.33,115.09
8,12/5/2008,Kings XI Punjab,Punjab Cricket Association IS Bindra Stadium,Yes,b P P Chawla,1,21,22,95.45,,143,20.43,111.72
9,17/05/2008,Rajasthan Royals,Sawai Mansingh Stadium,Yes,b Sohail Tanvir,1,3,7,42.86,,146,18.25,108.15
10,21/05/2008,Chennai Super Kings,MA Chidambaram Stadium,Yes,c J A Morkel b M Muralitharan,1,10,16,62.5,,156,17.33,103.31
11,25/05/2008,Deccan Chargers,Rajiv Gandhi International Stadium,Yes,c D B Ravi Teja b W P U J C Vaas,1,9,5,180,,165,16.5,105.77
12,28/05/2008,Mumbai Indians,M Chinnaswamy Stadium,Yes,c †Y V Takawale b A Nehra,1,0,1,0,,165,15,105.1
13,18/04/2009,Rajasthan Royals,Newlands,Yes,b S K Warne,1,3,8,37.5,,168,14,101.82
14,20/04/2009,Chennai Super Kings,St George's Park,Yes,c S Badrinath b Joginder Sharma,1,11,13,84.62,,179,13.77,100.56
15,22/04/2009,Deccan Chargers,Newlands,Yes,c H H Gibbs b R P Singh,1,50,32,156.25,,229,16.36,109.05
16,24/04/2009,Kings XI Punjab,Kingsmead,Yes,c R S Bopara b V R Singh,1,2,3,66.67,,231,15.4,108.45
17,26/04/2009,Delhi Capitals,St George's Park,No,c T M Dilshan b A Nehra,1,22,24,91.67,,253,15.81,106.75
18,29/04/2009,Kolkata Knight Riders,Kingsmead,No,c †M N van Wyk b B J Hodge,1,19,12,158.33,,272,16,109.24
19,1/5/2009,Kings XI Punjab,Kingsmead,Yes,c P P Chawla b I K Pathan,1,16,14,114.29,,288,16,109.51
20,7/5/2009,Rajasthan Royals,SuperSport Park,No,c M Morkel b R A Jadeja,1,15,22,68.18,,303,15.95,106.32
21,10/5/2009,Mumbai Indians,St George's Park,No,c J-P Duminy b C Nanda,1,20,22,90.91,,323,16.15,105.21
22,14/05/2009,Chennai Super Kings,Kingsmead,No,c J D P Oram b L Balaji,1,38,35,108.57,,361,17.19,105.56
23,21/05/2009,Deccan Chargers,SuperSport Park,Yes,not out,0,19,9,211.11,,380,18.1,108.26
24,23/05/2009,Chennai Super Kings,Wanderers Stadium,Yes,not out,0,24,17,141.18,,404,19.24,109.78
25,24/05/2009,Deccan Chargers,Wanderers Stadium,Yes,st A C Gilchrist b A Symonds,1,7,8,87.5,,411,18.68,109.31
26,14/03/2010,Kolkata Knight Riders,Eden Gardens,Yes,c A D Mathews b M Kartik,1,2,5,40,,413,17.96,108.4
27,16/03/2010,Kings XI Punjab,M Chinnaswamy Stadium,Yes,not out,0,16,12,133.33,,429,18.65,109.16
28,20/03/2010,Mumbai Indians,Barabati Stadium,Yes,run out,1,17,12,141.67,,446,18.58,110.12
29,23/03/2010,Chennai Super Kings,M Chinnaswamy Stadium,Yes,st P A Patel b M Muralitharan,1,24,16,150,,470,18.8,111.64
30,25/03/2010,Delhi Capitals,M Chinnaswamy Stadium,Yes,not out,0,38,23,165.22,,508,20.32,114.41
31,31/03/2010,Chennai Super Kings,MA Chidambaram Stadium,Yes,c M Vijay b S B Jakati,1,34,24,141.67,,542,20.85,115.81
32,2/4/2010,Kings XI Punjab,Barabati Stadium,Yes,c I K Pathan b Bipul Sharma,1,42,26,161.54,,584,21.63,118.22
33,4/4/2010,Delhi Capitals,Arun Jaitley Stadium,Yes,b M F Maharoof,1,13,11,118.18,,597,21.32,118.22
34,8/4/2010,Deccan Chargers,M Chinnaswamy Stadium,Yes,c A Symonds b R J Harris,1,58,35,165.71,,655,22.59,121.3
35,12/4/2010,Deccan Chargers,Vidarbha Cricket Association Stadium,Yes,c B A Sumanth b P P Ojha,1,3,4,75,,658,21.93,120.96
36,14/04/2010,Rajasthan Royals,Sawai Mansingh Stadium,Yes,c S R Watson b S K Trivedi,1,14,13,107.69,,672,21.68,120.65
37,17/04/2010,Mumbai Indians,M Chinnaswamy Stadium,Yes,c †A P Tare b K A Pollard,1,37,24,154.17,,709,22.16,122.03
38,21/04/2010,Mumbai Indians,Dr DY Patil Sports Academy,Yes,c †A T Rayudu b K A Pollard,1,9,7,128.57,,718,21.76,122.11
39,9/4/2011,Kochi Tuskers Kerala,Nehru Stadium (Kochi),Yes,lbw b R Vinay Kumar,1,23,18,127.78,,741,21.79,122.28
40,12/4/2011,Mumbai Indians,M Chinnaswamy Stadium,Yes,c †D J Jacobs b K A Pollard,1,12,19,63.16,,753,21.51,120.48
41,14/04/2011,Deccan Chargers,Rajiv Gandhi International Stadium,Yes,b M Gony,1,71,51,139.22,,824,22.89,121.89
42,16/04/2011,Chennai Super Kings,MA Chidambaram Stadium,Yes,c S Anirudha b S B Jakati,1,35,28,125,,859,23.22,122.02
43,22/04/2011,Kolkata Knight Riders,Barabati Stadium,Yes,not out,0,30,23,130.43,,889,24.03,122.28
44,26/04/2011,Delhi Capitals,Arun Jaitley Stadium,Yes,b M Morkel,1,56,38,147.37,,945,24.87,123.53
45,29/04/2011,Pune Warriors,M Chinnaswamy Stadium,Yes,c Harpreet Singh b A C Thomas,1,67,42,159.52,,1012,25.95,125.4
46,6/5/2011,Kings XI Punjab,M Chinnaswamy Stadium,Yes,b P P Chawla,1,27,31,87.1,,1039,25.98,123.99
47,8/5/2011,Kochi Tuskers Kerala,M Chinnaswamy Stadium,Yes,not out,0,27,33,81.82,,1066,26.65,122.39
48,11/5/2011,Rajasthan Royals,Sawai Mansingh Stadium,Yes,not out,0,39,34,114.71,,1105,27.63,122.1
49,14/05/2011,Kolkata Knight Riders,M Chinnaswamy Stadium,Yes,c †M V Boucher b J H Kallis,1,15,15,100,,1120,27.32,121.74
50,17/05/2011,Kings XI Punjab,Himachal Pradesh Cricket Association Stadium,Yes,c K D Karthik b R J Harris,1,11,11,100,,1131,26.93,121.48
51,22/05/2011,Chennai Super Kings,M Chinnaswamy Stadium,Yes,c R Ashwin b J A Morkel,1,31,29,106.9,,1162,27.02,121.04
52,24/05/2011,Chennai Super Kings,Wankhede Stadium,Yes,not out,0,70,44,159.09,,1232,28.65,122.71
53,27/05/2011,Mumbai Indians,MA Chidambaram Stadium,Yes,b A N Ahmed,1,8,12,66.67,,1240,28.18,122.05
54,28/05/2011,Chennai Super Kings,MA Chidambaram Stadium,Yes,lbw b S K Raina,1,35,32,109.38,,1275,28.33,121.66
55,7/4/2012,Delhi Capitals,M Chinnaswamy Stadium,Yes,c Y Nagar b D A J Bracewell,1,8,8,100,,1283,27.89,121.5
56,10/4/2012,Kolkata Knight Riders,M Chinnaswamy Stadium,Yes,c M K Tiwary b L Balaji,1,6,14,42.86,,1289,27.43,120.47
57,12/4/2012,Chennai Super Kings,MA Chidambaram Stadium,Yes,c F du Plessis b D E Bollinger,1,57,46,123.91,,1346,28.04,120.61
58,15/04/2012,Rajasthan Royals,M Chinnaswamy Stadium,Yes,b S K Trivedi,1,22,18,122.22,,1368,27.92,120.63
59,17/04/2012,Pune Warriors,M Chinnaswamy Stadium,Yes,c R Sharma b A D Mathews,1,16,19,84.21,,1384,27.68,120.03
60,20/04/2012,Kings XI Punjab,Punjab Cricket Association IS Bindra Stadium,Yes,c S E Marsh b P Awana,1,4,4,100,,1388,27.22,119.97
61,23/04/2012,Rajasthan Royals,Sawai Mansingh Stadium,Yes,c B J Hodge b Pankaj Singh,1,16,16,100,,1404,27,119.69
62,28/04/2012,Kolkata Knight Riders,Eden Gardens,Yes,lbw b J H Kallis,1,18,19,94.74,,1422,26.83,119.3
63,2/5/2012,Kings XI Punjab,M Chinnaswamy Stadium,Yes,b P P Chawla,1,45,42,107.14,,1467,27.17,118.88
64,6/5/2012,Deccan Chargers,M Chinnaswamy Stadium,Yes,c D W Steyn b A Mishra,1,9,9,100,,1476,26.84,118.74
65,9/5/2012,Mumbai Indians,Wankhede Stadium,Yes,not out,0,36,25,144,,1512,27.49,119.24
66,11/5/2012,Pune Warriors,Maharashtra Cricket Association Stadium,Yes,c S P D Smith b R Sharma,1,9,12,75,,1521,27.16,118.83
67,14/05/2012,Mumbai Indians,M Chinnaswamy Stadium,Yes,run out,1,3,1,300,,1524,26.74,118.97
68,17/05/2012,Delhi Capitals,Arun Jaitley Stadium,Yes,not out,0,73,53,137.74,,1597,28.02,119.72
69,20/05/2012,Deccan Chargers,Rajiv Gandhi International Stadium,Yes,c M Gony b A A Ashish Reddy,1,42,40,105,,1639,28.26,119.29
70,4/4/2013,Mumbai Indians,M Chinnaswamy Stadium,Yes,lbw b J J Bumrah,1,24,14,171.43,,1663,28.19,119.81
71,7/4/2013,Sunrisers Hyderabad,Rajiv Gandhi International Stadium,Yes,c & b A A Ashish Reddy,1,46,44,104.55,,1709,28.48,119.34
72,9/4/2013,Sunrisers Hyderabad,M Chinnaswamy Stadium,Yes,not out,0,93,47,197.87,,1802,30.03,121.84
73,11/4/2013,Kolkata Knight Riders,M Chinnaswamy Stadium,Yes,c E J G Morgan b L Balaji,1,35,27,129.63,,1837,30.11,121.98
74,13/04/2013,Chennai Super Kings,MA Chidambaram Stadium,Yes,c †M S Dhoni b C H Morris,1,58,47,123.4,,1895,30.56,122.02
75,16/04/2013,Delhi Capitals,M Chinnaswamy Stadium,Yes,c D P M D Jayawardene b U T Yadav,1,65,50,130,,1960,31.11,122.27
76,20/04/2013,Rajasthan Royals,M Chinnaswamy Stadium,Yes,b J P Faulkner,1,1,4,25,,1961,30.64,122.03
77,23/04/2013,Pune Warriors,M Chinnaswamy Stadium,Yes,run out,1,11,9,122.22,,1972,30.34,122.03
78,27/04/2013,Mumbai Indians,Wankhede Stadium,Yes,c †K D Karthik b D S Kulkarni,1,1,4,25,,1973,29.89,121.79
79,29/04/2013,Rajasthan Royals,Sawai Mansingh Stadium,Yes,c J P Faulkner b S R Watson,1,32,35,91.43,,2005,29.93,121.15
80,2/5/2013,Pune Warriors,Maharashtra Cricket Association Stadium,Yes,b A B Dinda,1,25,18,138.89,,2030,29.85,121.34
81,6/5/2013,Kings XI Punjab,Punjab Cricket Association IS Bindra Stadium,Yes,c S E Marsh b P Awana,1,14,14,100,,2044,29.62,121.16
82,10/5/2013,Delhi Capitals,Arun Jaitley Stadium,Yes,run out,1,99,58,170.69,,2143,30.61,122.81
83,12/5/2013,Kolkata Knight Riders,JSCA International Stadium Complex,Yes,b J H Kallis,1,17,14,121.43,,2160,30.42,122.8
84,14/05/2013,Kings XI Punjab,M Chinnaswamy Stadium,Yes,lbw b Azhar Mahmood,1,57,43,132.56,,2217,30.79,123.03
85,18/05/2013,Chennai Super Kings,M Chinnaswamy Stadium,Yes,not out,0,56,29,193.1,,2273,31.57,124.14
86,17/04/2014,Delhi Capitals,Sharjah Cricket Stadium,No,not out,0,49,38,128.95,,2322,32.25,124.24
87,19/04/2014,Mumbai Indians,Dubai International Cricket Stadium,No,c Harbhajan Singh b Z Khan,1,0,2,0,,2322,31.81,124.1
88,24/04/2014,Kolkata Knight Riders,Sharjah Cricket Stadium,Yes,b S P Narine,1,31,23,134.78,,2353,31.8,124.23
89,26/04/2014,Rajasthan Royals,Sheikh Zayed Stadium,No,c T G Southee b P V Tambe,1,21,25,84,,2374,31.65,123.71
90,28/04/2014,Kings XI Punjab,Dubai International Cricket Stadium,Yes,lbw b Sandeep Sharma,1,4,2,200,,2378,31.29,123.79
91,4/5/2014,Sunrisers Hyderabad,M Chinnaswamy Stadium,Yes,c †N V Ojha b B Kumar,1,0,5,0,,2378,30.88,123.47
92,6/5/2014,Mumbai Indians,Wankhede Stadium,Yes,c C J Anderson b P S Suyal,1,35,28,125,,2413,30.94,123.49
93,9/5/2014,Kings XI Punjab,M Chinnaswamy Stadium,Yes,c †W P Saha b Sandeep Sharma,1,0,1,0,,2413,30.54,123.43
94,11/5/2014,Rajasthan Royals,M Chinnaswamy Stadium,Yes,c R Bhatia b K W Richardson,1,4,9,44.44,,2417,30.21,123.07
95,13/05/2014,Delhi Capitals,M Chinnaswamy Stadium,Yes,run out,1,10,11,90.91,,2427,29.96,122.89
96,18/05/2014,Chennai Super Kings,JSCA International Stadium Complex,Yes,st M S Dhoni b R A Jadeja,1,27,29,93.1,,2454,29.93,122.46
97,20/05/2014,Sunrisers Hyderabad,Rajiv Gandhi International Stadium,Yes,c D W Steyn b I K Pathan,1,67,41,163.41,,2521,30.37,123.28
98,22/05/2014,Kolkata Knight Riders,Eden Gardens,Yes,c M Morkel b S P Narine,1,38,31,122.58,,2559,30.46,123.27
99,24/05/2014,Chennai Super Kings,M Chinnaswamy Stadium,Yes,b A Nehra,1,73,49,148.98,,2632,30.96,123.86
100,11/4/2015,Kolkata Knight Riders,Eden Gardens,Yes,c †R V Uthappa b M Morkel,1,13,15,86.67,,2645,30.76,123.6
101,13/04/2015,Sunrisers Hyderabad,M Chinnaswamy Stadium,Yes,b R S Bopara,1,41,37,110.81,,2686,30.87,123.38
102,19/04/2015,Mumbai Indians,M Chinnaswamy Stadium,Yes,c A T Rayudu b M J McClenaghan,1,18,18,100,,2704,30.73,123.19
103,22/04/2015,Chennai Super Kings,M Chinnaswamy Stadium,Yes,c D R Smith b A Nehra,1,51,42,121.43,,2755,30.96,123.16
104,24/04/2015,Rajasthan Royals,Sardar Patel Stadium,Yes,not out,0,62,46,134.78,,2817,31.65,123.39
105,26/04/2015,Delhi Capitals,Arun Jaitley Stadium,Yes,not out,0,35,23,152.17,,2852,32.04,123.68
106,29/04/2015,Rajasthan Royals,M Chinnaswamy Stadium,Yes,c †S V Samson b T G Southee,1,1,4,25,,2853,31.7,123.51
107,2/5/2015,Kolkata Knight Riders,M Chinnaswamy Stadium,Yes,c S A Yadav b A D Russell,1,34,20,170,,2887,31.73,123.91
108,4/5/2015,Chennai Super Kings,MA Chidambaram Stadium,Yes,run out,1,48,44,109.09,,2935,31.9,123.63
109,6/5/2015,Kings XI Punjab,M Chinnaswamy Stadium,No,b Sandeep Sharma,1,32,30,106.67,,2967,31.9,123.42
110,10/5/2015,Mumbai Indians,Wankhede Stadium,Yes,not out,0,82,50,164,,3049,32.78,124.25
111,13/05/2015,Kings XI Punjab,Punjab Cricket Association IS Bindra Stadium,Yes,b Anureet Singh,1,19,9,211.11,,3068,32.64,124.56
112,15/05/2015,Sunrisers Hyderabad,Rajiv Gandhi International Stadium,Yes,not out,0,44,19,231.58,,3112,33.11,125.38
113,17/05/2015,Delhi Capitals,M Chinnaswamy Stadium,Yes,not out,0,1,2,50,,3113,33.12,125.32
114,20/05/2015,Rajasthan Royals,Maharashtra Cricket Association Stadium,Yes,c & b D S Kulkarni,1,12,18,66.67,,3125,32.89,124.9
115,22/05/2015,Chennai Super Kings,JSCA International Stadium Complex,Yes,c M M Sharma b A Nehra,1,12,9,133.33,,3137,32.68,124.93
116,12/4/2016,Sunrisers Hyderabad,M Chinnaswamy Stadium,Yes,b B Kumar,1,75,51,147.06,,3212,33.11,125.37
117,17/04/2016,Delhi Capitals,M Chinnaswamy Stadium,Yes,c S S Iyer b Mohammed Shami,1,79,48,164.58,,3291,33.58,126.09
118,20/04/2016,Mumbai Indians,Barabati Stadium,Yes,c T G Southee b K H Pandya,1,33,30,110,,3324,33.58,125.91
119,22/04/2016,Rising Pune Supergiant,Maharashtra Cricket Association Stadium,Yes,c A M Rahane b N L T C Perera,1,80,63,126.98,,3404,34.04,125.93
120,24/04/2016,Gujarat Lions,Saurashtra Cricket Association Stadium,Yes,not out,0,100,63,158.73,,3504,35.04,126.68
121,30/04/2016,Sunrisers Hyderabad,Rajiv Gandhi International Stadium,Yes,c A A Ashish Reddy b Mustafizur Rahman,1,14,17,82.35,,3518,34.83,126.41
122,2/5/2016,Kolkata Knight Riders,M Chinnaswamy Stadium,Yes,c A D Russell b M Morkel,1,52,44,118.18,,3570,35,126.28
123,7/5/2016,Rising Pune Supergiant,M Chinnaswamy Stadium,Yes,not out,0,108,58,186.21,,3678,36.06,127.49
124,9/5/2016,Kings XI Punjab,Punjab Cricket Association IS Bindra Stadium,Yes,c M Vijay b K C Cariappa,1,20,21,95.24,,3698,35.9,127.25
125,11/5/2016,Mumbai Indians,M Chinnaswamy Stadium,Yes,c Harbhajan Singh b M J McClenaghan,1,7,7,100,,3705,35.63,127.19
126,14/05/2016,Gujarat Lions,M Chinnaswamy Stadium,Yes,c D J J Bravo b P Kumar,1,109,55,198.18,,3814,36.32,128.5
127,16/05/2016,Kolkata Knight Riders,Eden Gardens,Yes,not out,0,75,51,147.06,,3889,37.04,128.82
128,18/05/2016,Kings XI Punjab,M Chinnaswamy Stadium,Yes,c D A Miller b Sandeep Sharma,1,113,50,226,,4002,37.75,130.4
129,22/05/2016,Delhi Capitals,Shaheed Veer Narayan Sing International Stadium,Yes,not out,0,54,45,120,,4056,38.26,130.25
130,24/05/2016,Gujarat Lions,M Chinnaswamy Stadium,No,b D S Kulkarni,1,0,2,0,,4056,37.91,130.17
131,29/05/2016,Sunrisers Hyderabad,M Chinnaswamy Stadium,Yes,b B B Sran,1,54,35,154.29,,4110,38.06,130.43
132,14/04/2017,Mumbai Indians,M Chinnaswamy Stadium,Yes,c J C Buttler b M J McClenaghan,1,62,47,131.91,,4172,38.28,130.46
133,16/04/2017,Rising Pune Supergiant,M Chinnaswamy Stadium,Yes,c A M Rahane b B A Stokes,1,28,19,147.37,,4200,38.18,130.56
134,18/04/2017,Gujarat Lions,Saurashtra Cricket Association Stadium,Yes,c D R Smith b D S Kulkarni,1,64,50,128,,4264,38.41,130.52
135,23/04/2017,Kolkata Knight Riders,Eden Gardens,Yes,c M K Pandey b N M Coulter-Nile,1,0,1,0,,4264,38.07,130.48
136,27/04/2017,Gujarat Lions,M Chinnaswamy Stadium,Yes,c A J Finch b Basil Thampi,1,10,13,76.92,,4274,37.82,130.27
137,29/04/2017,Rising Pune Supergiant,Maharashtra Cricket Association Stadium,Yes,c sub b D T Christian,1,55,48,114.58,,4329,37.97,130.04
138,1/5/2017,Mumbai Indians,Wankhede Stadium,Yes,c R G Sharma b M J McClenaghan,1,20,14,142.86,,4349,37.82,130.09
139,5/5/2017,Kings XI Punjab,M Chinnaswamy Stadium,Yes,b Sandeep Sharma,1,6,6,100,,4355,37.54,130.04
140,7/5/2017,Kolkata Knight Riders,M Chinnaswamy Stadium,Yes,lbw b U T Yadav,1,5,9,55.56,,4360,37.26,129.84
141,14/05/2017,Delhi Capitals,Arun Jaitley Stadium,Yes,c S Nadeem b Z Khan,1,58,45,128.89,,4418,37.44,129.83
142,8/4/2018,Kolkata Knight Riders,Eden Gardens,Yes,b N Rana,1,31,33,93.94,,4449,37.39,129.48
143,13/04/2018,Kings XI Punjab,M Chinnaswamy Stadium,Yes,b Mujeeb Ur Rahman,1,21,16,131.25,,4470,37.25,129.49
144,15/04/2018,Rajasthan Royals,M Chinnaswamy Stadium,Yes,c D J M Short b S Gopal,1,57,30,190,,4527,37.41,130.01
145,17/04/2018,Mumbai Indians,Wankhede Stadium,Yes,not out,0,92,62,148.39,,4619,38.17,130.33
146,21/04/2018,Delhi Capitals,M Chinnaswamy Stadium,Yes,c T A Boult b H V Patel,1,30,26,115.38,,4649,38.11,130.22
147,25/04/2018,Chennai Super Kings,M Chinnaswamy Stadium,Yes,c R A Jadeja b S N Thakur,1,18,15,120,,4667,37.94,130.18
148,29/04/2018,Kolkata Knight Riders,M Chinnaswamy Stadium,Yes,not out,0,68,44,154.55,,4735,38.5,130.48
149,1/5/2018,Mumbai Indians,M Chinnaswamy Stadium,Yes,c K A Pollard b H H Pandya,1,32,26,123.08,,4767,38.44,130.42
150,5/5/2018,Chennai Super Kings,Maharashtra Cricket Association Stadium,Yes,b R A Jadeja,1,8,11,72.73,,4775,38.2,130.25
151,7/5/2018,Sunrisers Hyderabad,Rajiv Gandhi International Stadium,Yes,c Y K Pathan b Shakib Al Hasan,1,39,30,130,,4814,38.21,130.25
152,12/5/2018,Delhi Capitals,Arun Jaitley Stadium,Yes,c †R R Pant b A Mishra,1,70,40,175,,4884,38.46,130.73
153,14/05/2018,Kings XI Punjab,Holkar Cricket Stadium,Yes,not out,0,48,28,171.43,,4932,38.83,131.03
154,17/05/2018,Sunrisers Hyderabad,M Chinnaswamy Stadium,Yes,b Rashid Khan,1,12,11,109.09,,4944,38.63,130.97
155,18/05/2018,Rajasthan Royals,Sawai Mansingh Stadium,No,b K Gowtham,1,4,9,44.44,,4948,38.36,130.76
156,23/03/2019,Chennai Super Kings,MA Chidambaram Stadium,Yes,c R A Jadeja b Harbhajan Singh,1,6,12,50,,4954,38.11,130.51
157,28/03/2019,Mumbai Indians,M Chinnaswamy Stadium,Yes,c H H Pandya b J J Bumrah,1,46,32,143.75,,5000,38.17,130.62
158,31/03/2019,Sunrisers Hyderabad,Rajiv Gandhi International Stadium,Yes,c D A Warner b Sandeep Sharma,1,3,10,30,,5003,37.9,130.35
159,2/4/2019,Rajasthan Royals,Sawai Mansingh Stadium,Yes,b S Gopal,1,23,25,92,,5026,37.79,130.11
160,5/4/2019,Kolkata Knight Riders,M Chinnaswamy Stadium,Yes,c & b Kuldeep Yadav,1,84,49,171.43,,5110,38.13,130.62
161,7/4/2019,Delhi Capitals,M Chinnaswamy Stadium,Yes,c S S Iyer b K Rabada,1,41,33,124.24,,5151,38.16,130.57
162,13/04/2019,Kings XI Punjab,Punjab Cricket Association IS Bindra Stadium,Yes,c M Ashwin b Mohammed Shami,1,67,53,126.42,,5218,38.37,130.52
163,15/04/2019,Mumbai Indians,Wankhede Stadium,Yes,c †Q de Kock b J P Behrendorff,1,8,9,88.89,,5226,38.15,130.42
164,19/04/2019,Kolkata Knight Riders,Eden Gardens,Yes,c Shubman Gill b H F Gurney,1,100,58,172.41,,5326,38.59,131.02
165,21/04/2019,Chennai Super Kings,M Chinnaswamy Stadium,Yes,c †M S Dhoni b D L Chahar,1,9,8,112.5,,5335,38.38,130.98
166,24/04/2019,Kings XI Punjab,M Chinnaswamy Stadium,Yes,c Mandeep Singh b Mohammed Shami,1,13,8,162.5,,5348,38.2,131.05
167,28/04/2019,Delhi Capitals,Arun Jaitley Stadium,Yes,c S E Rutherford b A R Patel,1,23,17,135.29,,5371,38.09,131.06
168,30/04/2019,Rajasthan Royals,M Chinnaswamy Stadium,Yes,c L S Livingstone b S Gopal,1,25,7,357.14,,5396,38,131.45
169,4/5/2019,Sunrisers Hyderabad,M Chinnaswamy Stadium,No,c †W P Saha b K K Ahmed,1,16,7,228.57,,5412,37.85,131.61
