Match,Date,Vs,Venue,D/N*,How Dismissed,Out,Runs,Balls,S/R,,TotalRuns,Avg,S/R
1,2/5/2008,Chennai Super Kings,MA Chidambaram Stadium,Yes,not out,0,26,21,123.81,,26,,123.81
2,4/5/2008,Mumbai Indians,Dr DY Patil Sports Academy,Yes,run out,1,21,17,123.53,,47,47,123.68
3,8/5/2008,Chennai Super Kings,Arun Jaitley Stadium,Yes,b J A Morkel,1,0,1,0,,47,23.5,120.51
4,11/5/2008,Rajasthan Royals,Sawai Mansingh Stadium,Yes,c S K Warne b A D Mascarenhas,1,20,22,90.91,,67,22.33,109.84
5,13/05/2008,Kolkata Knight Riders,Eden Gardens,Yes,c T Taibu b Shoaib Akhtar,1,7,12,58.33,,74,18.5,101.37
6,19/05/2008,Royal Challengers Bangalore,M Chinnaswamy Stadium,Yes,c †S P Goswami b D W Steyn,1,21,25,84,,95,19,96.94
7,23/04/2009,Chennai Super Kings,Kingsmead,No,not out,0,105,54,194.44,,200,40,131.58
8,26/04/2009,Royal Challengers Bangalore,St George's Park,No,b K P Appanna,1,21,23,91.3,,221,36.83,126.29
9,28/04/2009,Rajasthan Royals,SuperSport Park,Yes,lbw b S K Warne,1,50,40,125,,271,38.71,126.05
10,30/04/2009,Deccan Chargers,SuperSport Park,No,c P P Ojha b Shoaib Ahmed,1,5,9,55.56,,276,34.5,123.21
11,2/5/2009,Chennai Super Kings,Wanderers Stadium,Yes,b S Tyagi,1,0,1,0,,276,30.67,122.67
12,8/5/2009,Mumbai Indians,Buffalo Park,Yes,not out,0,50,38,131.58,,326,36.22,123.95
13,10/5/2009,Kolkata Knight Riders,Wanderers Stadium,Yes,not out,0,40,32,125,,366,40.67,124.07
14,13/05/2009,Deccan Chargers,Kingsmead,Yes,c D B Ravi Teja b D R Smith,1,44,36,122.22,,410,41,123.87
15,15/05/2009,Kings XI Punjab,Mangaung Oval,Yes,c Yuvraj Singh b S Sreesanth,1,11,11,100,,421,38.27,123.1
16,17/05/2009,Rajasthan Royals,Mangaung Oval,Yes,not out,0,79,55,143.64,,500,45.45,125.94
17,19/05/2009,Royal Challengers Bangalore,Wanderers Stadium,Yes,b R E van der Merwe,1,28,29,96.55,,528,44,123.94
18,21/05/2009,Mumbai Indians,SuperSport Park,No,c A M Nayar b Harbhajan Singh,1,6,6,100,,534,41.08,123.61
19,22/05/2009,Deccan Chargers,SuperSport Park,Yes,c †A C Gilchrist b R P Singh,1,26,21,123.81,,560,40,123.62
20,13/03/2010,Kings XI Punjab,Punjab Cricket Association IS Bindra Stadium,Yes,run out,1,7,13,53.85,,567,37.8,121.67
21,15/03/2010,Rajasthan Royals,Barabati Stadium,Yes,c sub b S K Warne,1,15,24,62.5,,582,36.38,118.78
22,17/03/2010,Mumbai Indians,Arun Jaitley Stadium,Yes,b D J J Bravo,1,11,11,100,,593,34.88,118.36
23,19/03/2010,Chennai Super Kings,Arun Jaitley Stadium,Yes,c S K Raina b R Ashwin,1,2,3,66.67,,595,33.06,118.06
24,21/03/2010,Deccan Chargers,Barabati Stadium,Yes,b R Sharma,1,27,26,103.85,,622,32.74,117.36
25,25/03/2010,Royal Challengers Bangalore,M Chinnaswamy Stadium,Yes,run out,1,45,35,128.57,,667,33.35,118.05
26,13/04/2010,Mumbai Indians,Brabourne Stadium,Yes,lbw b A G Murtaza,1,4,7,57.14,,671,31.95,117.31
27,9/4/2011,Kochi Tuskers Kerala,Nehru Stadium (Kochi),Yes,not out,0,54,40,135,,725,34.52,118.46
28,12/4/2011,Mumbai Indians,M Chinnaswamy Stadium,Yes,c & b K A Pollard,1,38,36,105.56,,763,34.68,117.75
29,14/04/2011,Deccan Chargers,Rajiv Gandhi International Stadium,Yes,c †K C Sangakkara b M Gony,1,0,7,0,,763,33.17,116.49
30,16/04/2011,Chennai Super Kings,MA Chidambaram Stadium,Yes,c S Anirudha b J A Morkel,1,65,44,147.73,,828,34.5,118.45
31,26/04/2011,Delhi Capitals,Arun Jaitley Stadium,Yes,run out,1,5,2,250,,833,33.32,118.83
32,29/04/2011,Pune Warriors,M Chinnaswamy Stadium,Yes,c R Sharma b A C Thomas,1,26,20,130,,859,33.04,119.14
33,6/5/2011,Kings XI Punjab,M Chinnaswamy Stadium,Yes,not out,0,27,14,192.86,,886,34.08,120.54
34,14/05/2011,Kolkata Knight Riders,M Chinnaswamy Stadium,Yes,not out,0,13,13,100,,899,34.58,120.19
35,17/05/2011,Kings XI Punjab,Himachal Pradesh Cricket Association Stadium,Yes,c †A C Gilchrist b P P Chawla,1,34,27,125.93,,933,34.56,120.39
36,22/05/2011,Chennai Super Kings,M Chinnaswamy Stadium,Yes,st M S Dhoni b R Ashwin,1,0,3,0,,933,33.32,119.92
37,24/05/2011,Chennai Super Kings,Wankhede Stadium,Yes,c M Vijay b S B Jakati,1,11,10,110,,944,32.55,119.8
38,27/05/2011,Mumbai Indians,MA Chidambaram Stadium,Yes,not out,0,21,15,140,,965,33.28,120.17
39,28/05/2011,Chennai Super Kings,MA Chidambaram Stadium,Yes,lbw b S B Jakati,1,18,12,150,,983,32.77,120.61
40,7/4/2012,Delhi Capitals,M Chinnaswamy Stadium,Yes,not out,0,64,42,152.38,,1047,34.9,122.17
41,10/4/2012,Kolkata Knight Riders,M Chinnaswamy Stadium,Yes,b L Balaji,1,10,10,100,,1057,34.1,121.91
42,12/4/2012,Chennai Super Kings,MA Chidambaram Stadium,Yes,c S B Jakati b J A Morkel,1,4,2,200,,1061,33.16,122.09
43,15/04/2012,Rajasthan Royals,M Chinnaswamy Stadium,Yes,b S K Trivedi,1,6,9,66.67,,1067,32.33,121.53
44,17/04/2012,Pune Warriors,M Chinnaswamy Stadium,Yes,not out,0,33,14,235.71,,1100,33.33,123.32
45,20/04/2012,Kings XI Punjab,Punjab Cricket Association IS Bindra Stadium,Yes,lbw b P P Chawla,1,52,39,133.33,,1152,33.88,123.74
46,23/04/2012,Rajasthan Royals,Sawai Mansingh Stadium,Yes,not out,0,59,23,256.52,,1211,35.62,126.94
47,28/04/2012,Kolkata Knight Riders,Eden Gardens,Yes,c L R Shukla b J H Kallis,1,0,1,0,,1211,34.6,126.81
48,2/5/2012,Kings XI Punjab,M Chinnaswamy Stadium,Yes,c P P Chawla b Azhar Mahmood,1,17,13,130.77,,1228,34.11,126.86
49,6/5/2012,Deccan Chargers,M Chinnaswamy Stadium,Yes,not out,0,47,17,276.47,,1275,35.42,129.44
50,11/5/2012,Pune Warriors,Maharashtra Cricket Association Stadium,Yes,not out,0,9,4,225,,1284,35.67,129.83
51,14/05/2012,Mumbai Indians,M Chinnaswamy Stadium,Yes,c S L Malinga b K A Pollard,1,14,13,107.69,,1298,35.08,129.54
52,20/05/2012,Deccan Chargers,Rajiv Gandhi International Stadium,Yes,c J-P Duminy b A Mishra,1,4,11,36.36,,1302,34.26,128.53
53,9/4/2013,Sunrisers Hyderabad,M Chinnaswamy Stadium,Yes,c G H Vihari b C L White,1,15,15,100,,1317,33.77,128.11
54,11/4/2013,Kolkata Knight Riders,M Chinnaswamy Stadium,Yes,not out,0,22,22,100,,1339,34.33,127.52
55,13/04/2013,Chennai Super Kings,MA Chidambaram Stadium,Yes,c D J J Bravo b D P Nannes,1,64,32,200,,1403,35.08,129.67
56,16/04/2013,Delhi Capitals,M Chinnaswamy Stadium,Yes,run out,1,39,32,121.88,,1442,35.17,129.44
57,20/04/2013,Rajasthan Royals,M Chinnaswamy Stadium,Yes,c A Chandila b S R Watson,1,7,8,87.5,,1449,34.5,129.14
58,23/04/2013,Pune Warriors,M Chinnaswamy Stadium,Yes,c M Manhas b M R Marsh,1,31,8,387.5,,1480,34.42,130.97
59,27/04/2013,Mumbai Indians,Wankhede Stadium,Yes,c †K D Karthik b D S Kulkarni,1,2,3,66.67,,1482,33.68,130.8
60,29/04/2013,Rajasthan Royals,Sawai Mansingh Stadium,Yes,c J P Faulkner b S Sreesanth,1,21,13,161.54,,1503,33.4,131.15
61,2/5/2013,Pune Warriors,Maharashtra Cricket Association Stadium,Yes,not out,0,50,23,217.39,,1553,34.51,132.85
62,6/5/2013,Kings XI Punjab,Punjab Cricket Association IS Bindra Stadium,Yes,not out,0,38,19,200,,1591,35.36,133.92
63,10/5/2013,Delhi Capitals,Arun Jaitley Stadium,Yes,not out,0,32,17,188.24,,1623,36.07,134.69
64,12/5/2013,Kolkata Knight Riders,JSCA International Stadium Complex,Yes,c †M S Bisla b L Balaji,1,28,22,127.27,,1651,35.89,134.56
65,14/05/2013,Kings XI Punjab,M Chinnaswamy Stadium,Yes,b P Awana,1,6,2,300,,1657,35.26,134.83
66,18/05/2013,Chennai Super Kings,M Chinnaswamy Stadium,Yes,c R A Jadeja b M M Sharma,1,5,3,166.67,,1662,34.63,134.9
67,19/04/2014,Mumbai Indians,Dubai International Cricket Stadium,No,not out,0,45,48,93.75,,1707,35.56,133.36
68,24/04/2014,Kolkata Knight Riders,Sharjah Cricket Stadium,Yes,c C A Lynn b R Vinay Kumar,1,11,12,91.67,,1718,35.06,132.97
69,26/04/2014,Rajasthan Royals,Sheikh Zayed Stadium,No,b K W Richardson,1,0,1,0,,1718,34.36,132.87
70,28/04/2014,Kings XI Punjab,Dubai International Cricket Stadium,Yes,c G J Maxwell b R Dhawan,1,17,15,113.33,,1735,34.02,132.65
71,4/5/2014,Sunrisers Hyderabad,M Chinnaswamy Stadium,Yes,not out,0,89,41,217.07,,1824,35.76,135.21
72,6/5/2014,Mumbai Indians,Wankhede Stadium,Yes,b J J Bumrah,1,9,7,128.57,,1833,35.25,135.18
73,9/5/2014,Kings XI Punjab,M Chinnaswamy Stadium,Yes,c A R Patel b L Balaji,1,53,26,203.85,,1886,35.58,136.47
74,11/5/2014,Rajasthan Royals,M Chinnaswamy Stadium,Yes,c A M Rahane b J P Faulkner,1,58,32,181.25,,1944,36,137.48
75,13/05/2014,Delhi Capitals,M Chinnaswamy Stadium,Yes,b S Kaul,1,33,17,194.12,,1977,35.95,138.16
76,18/05/2014,Chennai Super Kings,JSCA International Stadium Complex,Yes,c R A Jadeja b D J Hussey,1,28,14,200,,2005,35.8,138.75
77,20/05/2014,Sunrisers Hyderabad,Rajiv Gandhi International Stadium,Yes,b B Kumar,1,29,17,170.59,,2034,35.68,139.12
78,22/05/2014,Kolkata Knight Riders,Eden Gardens,Yes,b S P Narine,1,13,13,100,,2047,35.29,138.78
79,24/05/2014,Chennai Super Kings,M Chinnaswamy Stadium,Yes,b A Nehra,1,10,6,166.67,,2057,34.86,138.89
80,11/4/2015,Kolkata Knight Riders,Eden Gardens,Yes,st R V Uthappa b K C Cariappa,1,28,13,215.38,,2085,34.75,139.56
81,13/04/2015,Sunrisers Hyderabad,M Chinnaswamy Stadium,Yes,c S Dhawan b T A Boult,1,46,28,164.29,,2131,34.93,140.01
82,19/04/2015,Mumbai Indians,M Chinnaswamy Stadium,Yes,c K A Pollard b J J Bumrah,1,41,11,372.73,,2172,35.03,141.68
83,22/04/2015,Chennai Super Kings,M Chinnaswamy Stadium,Yes,run out,1,14,10,140,,2186,34.7,141.67
84,24/04/2015,Rajasthan Royals,Sardar Patel Stadium,Yes,not out,0,47,34,138.24,,2233,35.44,141.6
85,29/04/2015,Rajasthan Royals,M Chinnaswamy Stadium,Yes,run out,1,57,45,126.67,,2290,35.78,141.18
86,2/5/2015,Kolkata Knight Riders,M Chinnaswamy Stadium,Yes,b P P Chawla,1,2,4,50,,2292,35.26,140.96
87,4/5/2015,Chennai Super Kings,MA Chidambaram Stadium,Yes,c F du Plessis b I C Pandey,1,21,14,150,,2313,35.05,141.04
88,6/5/2015,Kings XI Punjab,M Chinnaswamy Stadium,No,not out,0,47,24,195.83,,2360,35.76,141.83
89,10/5/2015,Mumbai Indians,Wankhede Stadium,Yes,not out,0,133,59,225.42,,2493,37.77,144.69
90,13/05/2015,Kings XI Punjab,Punjab Cricket Association IS Bindra Stadium,Yes,c B E Hendricks b A R Patel,1,10,9,111.11,,2503,37.36,144.52
91,15/05/2015,Sunrisers Hyderabad,Rajiv Gandhi International Stadium,Yes,c D W Steyn b M C Henriques,1,0,1,0,,2503,36.81,144.43
92,20/05/2015,Rajasthan Royals,Maharashtra Cricket Association Stadium,Yes,run out,1,66,38,173.68,,2569,37.23,145.06
93,22/05/2015,Chennai Super Kings,JSCA International Stadium Complex,Yes,lbw b A Nehra,1,1,3,33.33,,2570,36.71,144.87
94,12/4/2016,Sunrisers Hyderabad,M Chinnaswamy Stadium,Yes,c E J G Morgan b Mustafizur Rahman,1,82,42,195.24,,2652,37.35,146.04
95,17/04/2016,Delhi Capitals,M Chinnaswamy Stadium,Yes,c Mohammed Shami b C R Brathwaite,1,55,33,166.67,,2707,37.6,146.4
96,20/04/2016,Mumbai Indians,Barabati Stadium,Yes,st P A Patel b K H Pandya,1,29,21,138.1,,2736,37.48,146.31
97,22/04/2016,Rising Pune Supergiant,Maharashtra Cricket Association Stadium,Yes,c Ankit Sharma b N L T C Perera,1,83,46,180.43,,2819,38.09,147.13
98,24/04/2016,Gujarat Lions,Saurashtra Cricket Association Stadium,Yes,c S K Raina b P V Tambe,1,20,16,125,,2839,37.85,146.95
99,30/04/2016,Sunrisers Hyderabad,Rajiv Gandhi International Stadium,Yes,c K S Williamson b B B Sran,1,47,32,146.88,,2886,37.97,146.95
100,2/5/2016,Kolkata Knight Riders,M Chinnaswamy Stadium,Yes,lbw b P P Chawla,1,4,6,66.67,,2890,37.53,146.7
101,7/5/2016,Rising Pune Supergiant,M Chinnaswamy Stadium,Yes,c N L T C Perera b A Zampa,1,1,3,33.33,,2891,37.06,146.53
102,9/5/2016,Kings XI Punjab,Punjab Cricket Association IS Bindra Stadium,Yes,c K C Cariappa b Sandeep Sharma,1,64,35,182.86,,2955,37.41,147.16
103,11/5/2016,Mumbai Indians,M Chinnaswamy Stadium,Yes,c A T Rayudu b K H Pandya,1,24,27,88.89,,2979,37.24,146.39
104,14/05/2016,Gujarat Lions,M Chinnaswamy Stadium,Yes,not out,0,129,52,248.08,,3108,38.85,148.92
105,16/05/2016,Kolkata Knight Riders,Eden Gardens,Yes,not out,0,59,31,190.32,,3167,39.59,149.53
106,18/05/2016,Kings XI Punjab,M Chinnaswamy Stadium,Yes,b K J Abbott,1,0,2,0,,3167,39.1,149.39
107,22/05/2016,Delhi Capitals,Shaheed Veer Narayan Sing International Stadium,Yes,c J Yadav b Z Khan,1,6,8,75,,3173,38.7,149.11
108,24/05/2016,Gujarat Lions,M Chinnaswamy Stadium,No,not out,0,79,47,168.09,,3252,39.66,149.52
109,29/05/2016,Sunrisers Hyderabad,M Chinnaswamy Stadium,Yes,c M C Henriques b Bipul Sharma,1,5,6,83.33,,3257,39.24,149.34
110,10/4/2017,Kings XI Punjab,Holkar Cricket Stadium,Yes,not out,0,89,46,193.48,,3346,40.31,150.25
111,14/04/2017,Mumbai Indians,M Chinnaswamy Stadium,Yes,c R G Sharma b K H Pandya,1,19,21,90.48,,3365,40.06,149.69
112,16/04/2017,Rising Pune Supergiant,M Chinnaswamy Stadium,Yes,st M S Dhoni b Imran Tahir,1,29,30,96.67,,3394,39.93,148.99
113,23/04/2017,Kolkata Knight Riders,Eden Gardens,Yes,c †R V Uthappa b N M Coulter-Nile,1,8,6,133.33,,3402,39.56,148.95
114,27/04/2017,Gujarat Lions,M Chinnaswamy Stadium,Yes,run out,1,5,11,45.45,,3407,39.16,148.45
115,29/04/2017,Rising Pune Supergiant,Maharashtra Cricket Association Stadium,Yes,c M K Tiwary b L H Ferguson,1,3,8,37.5,,3410,38.75,148.07
116,1/5/2017,Mumbai Indians,Wankhede Stadium,Yes,c J J Bumrah b K H Pandya,1,43,27,159.26,,3453,38.8,148.2
117,5/5/2017,Kings XI Punjab,M Chinnaswamy Stadium,Yes,c †W P Saha b Sandeep Sharma,1,10,6,166.67,,3463,38.48,148.24
118,7/5/2017,Kolkata Knight Riders,M Chinnaswamy Stadium,Yes,b S P Narine,1,10,8,125,,3473,38.16,148.17
119,8/4/2018,Kolkata Knight Riders,Eden Gardens,Yes,c M G Johnson b N Rana,1,44,23,191.3,,3517,38.23,148.58
120,13/04/2018,Kings XI Punjab,M Chinnaswamy Stadium,Yes,c K K Nair b A J Tye,1,57,40,142.5,,3574,38.43,148.48
121,15/04/2018,Rajasthan Royals,M Chinnaswamy Stadium,Yes,c J D Unadkat b S Gopal,1,20,18,111.11,,3594,38.23,148.21
122,17/04/2018,Mumbai Indians,Wankhede Stadium,Yes,c H H Pandya b M J McClenaghan,1,1,2,50,,3595,37.84,148.13
123,21/04/2018,Delhi Capitals,M Chinnaswamy Stadium,Yes,not out,0,90,39,230.77,,3685,38.79,149.43
124,25/04/2018,Chennai Super Kings,M Chinnaswamy Stadium,Yes,c S W Billings b Imran Tahir,1,68,30,226.67,,3753,39.09,150.36
125,5/5/2018,Chennai Super Kings,Maharashtra Cricket Association Stadium,Yes,st M S Dhoni b Harbhajan Singh,1,1,4,25,,3754,38.7,150.16
126,7/5/2018,Sunrisers Hyderabad,Rajiv Gandhi International Stadium,Yes,b Rashid Khan,1,5,8,62.5,,3759,38.36,149.88
127,12/5/2018,Delhi Capitals,Arun Jaitley Stadium,Yes,not out,0,72,37,194.59,,3831,39.09,150.53
128,17/05/2018,Sunrisers Hyderabad,M Chinnaswamy Stadium,Yes,c S Dhawan b Rashid Khan,1,69,39,176.92,,3900,39.39,150.93
129,18/05/2018,Rajasthan Royals,Sawai Mansingh Stadium,No,st H Klaasen b S Gopal,1,53,35,151.43,,3953,39.53,150.94
130,23/03/2019,Chennai Super Kings,MA Chidambaram Stadium,Yes,c R A Jadeja b Harbhajan Singh,1,9,10,90,,3962,39.23,150.7
131,28/03/2019,Mumbai Indians,M Chinnaswamy Stadium,Yes,not out,0,70,41,170.73,,4032,39.92,151.01
132,31/03/2019,Sunrisers Hyderabad,Rajiv Gandhi International Stadium,Yes,b Mohammad Nabi,1,1,2,50,,4033,39.54,150.94
133,2/4/2019,Rajasthan Royals,Sawai Mansingh Stadium,Yes,c & b S Gopal,1,13,9,144.44,,4046,39.28,150.91
134,5/4/2019,Kolkata Knight Riders,M Chinnaswamy Stadium,Yes,c Shubman Gill b S P Narine,1,63,32,196.88,,4109,39.51,151.46
135,7/4/2019,Delhi Capitals,M Chinnaswamy Stadium,Yes,c C A Ingram b K Rabada,1,17,16,106.25,,4126,39.3,151.19
136,13/04/2019,Kings XI Punjab,Punjab Cricket Association IS Bindra Stadium,Yes,not out,0,59,38,155.26,,4185,39.86,151.25
137,15/04/2019,Mumbai Indians,Wankhede Stadium,Yes,run out,1,75,51,147.06,,4260,40.19,151.17
138,21/04/2019,Chennai Super Kings,M Chinnaswamy Stadium,Yes,c F du Plessis b R A Jadeja,1,25,19,131.58,,4285,40.05,151.04
139,24/04/2019,Kings XI Punjab,M Chinnaswamy Stadium,Yes,not out,0,82,44,186.36,,4367,40.81,151.58
140,28/04/2019,Delhi Capitals,Arun Jaitley Stadium,Yes,c A R Patel b S E Rutherford,1,17,19,89.47,,4384,40.59,151.17
141,30/04/2019,Rajasthan Royals,M Chinnaswamy Stadium,Yes,c R Parag b S Gopal,1,10,4,250,,4394,40.31,151.31
142,4/5/2019,Sunrisers Hyderabad,M Chinnaswamy Stadium,No,c M J Guptill b B Kumar,1,1,2,50,,4395,39.95,151.24
