Match,Date,Vs,Venue,D/N*,How Dismissed,Out,Runs,Balls,S/R,,TotalRuns,Avg,S/R
1,19/04/2008,Kings XI Punjab,Punjab Cricket Association IS Bindra Stadium,Yes,c †K C Sangakkara b B Lee,1,15,10,150,,15,15,150
2,23/04/2008,Mumbai Indians,MA Chidambaram Stadium,Yes,c †L Ronchi b A Nehra,1,14,11,127.27,,29,14.5,138.1
3,26/04/2008,Kolkata Knight Riders,MA Chidambaram Stadium,Yes,c I Sharma b A B Agarkar,1,21,27,77.78,,50,16.67,104.17
4,28/04/2008,Royal Challengers Bangalore,M Chinnaswamy Stadium,Yes,c J H Kallis b P Kumar,1,21,17,123.53,,71,17.75,109.23
5,2/5/2008,Delhi Capitals,MA Chidambaram Stadium,Yes,c V Y Mahesh b V Sehwag,1,21,20,105,,92,18.4,108.24
6,4/5/2008,Rajasthan Royals,Sawai Mansingh Stadium,Yes,lbw b Sohail Tanvir,1,0,1,0,,92,15.33,106.98
7,6/5/2008,Deccan Chargers,MA Chidambaram Stadium,Yes,c R P Singh b D P Vijaykumar,1,4,6,66.67,,96,13.71,104.35
8,18/05/2008,Kolkata Knight Riders,Eden Gardens,Yes,not out,0,19,28,67.86,,115,16.43,95.83
9,21/05/2008,Royal Challengers Bangalore,MA Chidambaram Stadium,Yes,c & b A Kumble,1,24,29,82.76,,139,17.38,93.29
10,24/05/2008,Rajasthan Royals,MA Chidambaram Stadium,Yes,st Kamran Akmal b S K Warne,1,54,40,135,,193,21.44,102.12
11,27/05/2008,Deccan Chargers,Rajiv Gandhi International Stadium,Yes,c Shahid Afridi b P M Sarvesh Kumar,1,20,27,74.07,,213,21.3,98.61
12,31/05/2008,Kings XI Punjab,Wankhede Stadium,Yes,not out,0,51,48,106.25,,264,26.4,100
13,1/6/2008,Rajasthan Royals,Dr DY Patil Sports Academy,Yes,c †Kamran Akmal b Y K Pathan,1,38,33,115.15,,302,27.45,101.68
14,18/04/2009,Mumbai Indians,Newlands,No,c S R Tendulkar b S L Malinga,1,0,2,0,,302,25.17,101
15,20/04/2009,Royal Challengers Bangalore,St George's Park,Yes,b K P Pietersen,1,30,26,115.38,,332,25.54,102.15
16,23/04/2009,Delhi Capitals,Kingsmead,No,c A B de Villiers b P J Sangwan,1,16,15,106.67,,348,24.86,102.35
17,27/04/2009,Deccan Chargers,Kingsmead,No,c †A C Gilchrist b F H Edwards,1,0,2,0,,348,23.2,101.75
18,30/04/2009,Rajasthan Royals,Buffalo Park,Yes,c Kamran Khan b Y K Pathan,1,3,11,27.27,,351,21.94,99.43
19,16/05/2009,Mumbai Indians,St George's Park,No,lbw b S L Malinga,1,0,1,0,,351,20.65,99.15
20,18/05/2009,Kolkata Knight Riders,SuperSport Park,Yes,run out,1,25,19,131.58,,376,20.89,100.8
21,20/05/2009,Kings XI Punjab,Kingsmead,Yes,b R R Powar,1,32,23,139.13,,408,21.47,103.03
22,23/05/2009,Royal Challengers Bangalore,Wanderers Stadium,Yes,lbw b J H Kallis,1,36,27,133.33,,444,22.2,104.96
23,19/03/2010,Delhi Capitals,Arun Jaitley Stadium,Yes,run out,1,6,6,100,,450,21.43,104.9
24,21/03/2010,Kings XI Punjab,MA Chidambaram Stadium,Yes,st K C Sangakkara b P P Chawla,1,57,58,98.28,,507,23.05,104.11
25,23/03/2010,Royal Challengers Bangalore,M Chinnaswamy Stadium,Yes,c †M V Boucher b P Kumar,1,1,3,33.33,,508,22.09,103.67
26,25/03/2010,Mumbai Indians,Brabourne Stadium,Yes,b R McLaren,1,8,12,66.67,,516,21.5,102.79
27,9/4/2011,Royal Challengers Bangalore,Nehru Stadium (Kochi),Yes,not out,0,1,4,25,,517,21.54,102.17
28,13/04/2011,Pune Warriors,Dr DY Patil Sports Academy,Yes,c G C Smith b W D Parnell,1,21,19,110.53,,538,21.52,102.48
29,18/04/2011,Chennai Super Kings,Nehru Stadium (Kochi),Yes,c S Anirudha b D E Bollinger,1,34,26,130.77,,572,22,103.81
30,20/04/2011,Kolkata Knight Riders,Eden Gardens,Yes,lbw b Y K Pathan,1,9,11,81.82,,581,21.52,103.38
31,24/04/2011,Rajasthan Royals,Sawai Mansingh Stadium,Yes,st D H Yagnik b S K Warne,1,32,34,94.12,,613,21.89,102.85
32,27/04/2011,Deccan Chargers,Nehru Stadium (Kochi),Yes,c †K C Sangakkara b I Sharma,1,0,3,0,,613,21.14,102.34
33,30/04/2011,Delhi Capitals,Nehru Stadium (Kochi),Yes,b I K Pathan,1,1,3,33.33,,614,20.47,101.99
34,2/5/2011,Delhi Capitals,Arun Jaitley Stadium,Yes,not out,0,37,31,119.35,,651,21.7,102.84
35,5/5/2011,Kolkata Knight Riders,Nehru Stadium (Kochi),Yes,c R Bhatia b J D Unadkat,1,21,16,131.25,,672,21.68,103.54
36,8/5/2011,Royal Challengers Bangalore,M Chinnaswamy Stadium,Yes,run out,1,19,14,135.71,,691,21.59,104.22
37,13/05/2011,Kings XI Punjab,Holkar Cricket Stadium,Yes,c K D Karthik b S J Srivastava,1,0,1,0,,691,20.94,104.07
38,15/05/2011,Rajasthan Royals,Holkar Cricket Stadium,Yes,not out,0,21,14,150,,712,21.58,105.01
39,18/05/2011,Chennai Super Kings,MA Chidambaram Stadium,Yes,c J A Morkel b R Ashwin,1,6,7,85.71,,718,21.12,104.82
40,7/4/2012,Chennai Super Kings,Dr YS Rajasekhara Reddy Cricket Stadium,Yes,b R A Jadeja,1,20,17,117.65,,738,21.09,105.13
41,9/4/2012,Mumbai Indians,Dr YS Rajasekhara Reddy Cricket Stadium,Yes,c R G Sharma b M M Patel,1,1,5,20,,739,20.53,104.53
42,19/04/2012,Delhi Capitals,Arun Jaitley Stadium,Yes,c D P M D Jayawardene b S Nadeem,1,45,27,166.67,,784,21.19,106.81
43,22/04/2012,Kolkata Knight Riders,Barabati Stadium,Yes,run out,1,23,19,121.05,,807,21.24,107.17
44,26/04/2012,Pune Warriors,Maharashtra Cricket Association Stadium,Yes,c M K Pandey b B Kumar,1,24,18,133.33,,831,21.31,107.78
45,29/04/2012,Mumbai Indians,Wankhede Stadium,Yes,c M M Patel b R P Singh,1,19,18,105.56,,850,21.25,107.73
46,1/5/2012,Pune Warriors,Barabati Stadium,Yes,b M N Samuels,1,0,1,0,,850,20.73,107.59
47,4/5/2012,Chennai Super Kings,MA Chidambaram Stadium,Yes,b J A Morkel,1,1,5,20,,851,20.26,107.04
48,8/5/2012,Kings XI Punjab,Rajiv Gandhi International Stadium,Yes,b P Awana,1,17,13,130.77,,868,20.19,107.43
49,10/5/2012,Delhi Capitals,Rajiv Gandhi International Stadium,Yes,not out,0,0,0,-,,868,20.19,107.43
50,13/05/2012,Kings XI Punjab,Punjab Cricket Association IS Bindra Stadium,Yes,c Gurkeerat Singh b Azhar Mahmood,1,18,16,112.5,,886,20.14,107.52
51,18/05/2012,Rajasthan Royals,Rajiv Gandhi International Stadium,Yes,not out,0,10,5,200,,896,20.36,108.08
52,20/05/2012,Royal Challengers Bangalore,Rajiv Gandhi International Stadium,Yes,c C H Gayle b R Vinay Kumar,1,16,21,76.19,,912,20.27,107.29
53,5/4/2013,Pune Warriors,Rajiv Gandhi International Stadium,Yes,b A B Dinda,1,19,18,105.56,,931,20.24,107.26
54,7/4/2013,Royal Challengers Bangalore,Rajiv Gandhi International Stadium,Yes,c †K B A Arun Karthik b M C Henriques,1,2,4,50,,933,19.85,107
55,9/4/2013,Royal Challengers Bangalore,M Chinnaswamy Stadium,Yes,b M Muralitharan,1,20,19,105.26,,953,19.85,106.96
56,12/4/2013,Delhi Capitals,Arun Jaitley Stadium,Yes,c & b S Nadeem,1,19,19,100,,972,19.84,106.81
57,14/04/2013,Kolkata Knight Riders,Eden Gardens,Yes,b J H Kallis,1,27,31,87.1,,999,19.98,106.16
58,17/04/2013,Pune Warriors,Maharashtra Cricket Association Stadium,Yes,b B Kumar,1,12,9,133.33,,1011,19.82,106.42
59,4/5/2013,Delhi Capitals,Rajiv Gandhi International Stadium,Yes,st K M Jadhav b B M A J Mendis,1,14,18,77.78,,1025,19.71,105.89
60,8/5/2013,Chennai Super Kings,Rajiv Gandhi International Stadium,Yes,c M Vijay b M M Sharma,1,44,30,146.67,,1069,20.17,107.11
61,11/5/2013,Kings XI Punjab,Punjab Cricket Association IS Bindra Stadium,Yes,run out,1,61,47,129.79,,1130,20.93,108.13
62,13/05/2013,Mumbai Indians,Wankhede Stadium,Yes,c A T Rayudu b S L Malinga,1,26,14,185.71,,1156,21.02,109.16
63,17/05/2013,Rajasthan Royals,Rajiv Gandhi International Stadium,Yes,b J P Faulkner,1,2,6,33.33,,1158,20.68,108.73
64,19/05/2013,Kolkata Knight Riders,Rajiv Gandhi International Stadium,Yes,lbw b Iqbal Abdulla,1,47,37,127.03,,1205,21.14,109.35
65,22/05/2013,Rajasthan Royals,Arun Jaitley Stadium,Yes,c S V Samson b V S Malik,1,1,3,33.33,,1206,20.79,109.14
66,17/04/2014,Delhi Capitals,Sharjah Cricket Stadium,No,b R Sharma,1,37,28,132.14,,1243,21.07,109.71
67,19/04/2014,Mumbai Indians,Dubai International Cricket Stadium,No,not out,0,57,45,126.67,,1300,22.03,110.36
68,24/04/2014,Kolkata Knight Riders,Sharjah Cricket Stadium,Yes,c C A Lynn b R Vinay Kumar,1,21,19,110.53,,1321,22.02,110.36
69,26/04/2014,Rajasthan Royals,Sheikh Zayed Stadium,No,run out,1,1,1,100,,1322,21.67,110.35
70,28/04/2014,Kings XI Punjab,Dubai International Cricket Stadium,Yes,c †W P Saha b Sandeep Sharma,1,2,7,28.57,,1324,21.35,109.88
71,4/5/2014,Sunrisers Hyderabad,M Chinnaswamy Stadium,Yes,b B Kumar,1,3,5,60,,1327,21.06,109.67
72,6/5/2014,Mumbai Indians,Wankhede Stadium,Yes,b Harbhajan Singh,1,26,19,136.84,,1353,21.14,110.09
73,9/5/2014,Kings XI Punjab,M Chinnaswamy Stadium,Yes,c Mandeep Singh b Sandeep Sharma,1,13,14,92.86,,1366,21.02,109.9
74,11/5/2014,Rajasthan Royals,M Chinnaswamy Stadium,Yes,not out,0,2,1,200,,1368,21.05,109.97
75,13/05/2014,Delhi Capitals,M Chinnaswamy Stadium,Yes,c K D Karthik b Mohammed Shami,1,29,28,103.57,,1397,21.17,109.83
76,18/05/2014,Chennai Super Kings,JSCA International Stadium Complex,Yes,c S K Raina b R Ashwin,1,10,14,71.43,,1407,21,109.41
77,20/05/2014,Sunrisers Hyderabad,Rajiv Gandhi International Stadium,Yes,lbw b B Kumar,1,4,4,100,,1411,20.75,109.38
78,14/04/2015,Rajasthan Royals,Sardar Patel Stadium,Yes,c C H Morris b D S Kulkarni,1,16,11,145.45,,1427,20.68,109.68
79,17/04/2015,Chennai Super Kings,Wankhede Stadium,Yes,lbw b A Nehra,1,0,1,0,,1427,20.39,109.6
80,19/04/2015,Royal Challengers Bangalore,M Chinnaswamy Stadium,Yes,b D Wiese,1,12,13,92.31,,1439,20.27,109.43
81,23/04/2015,Delhi Capitals,Arun Jaitley Stadium,Yes,c Imran Tahir b A D Mathews,1,28,19,147.37,,1467,20.38,109.97
82,25/04/2015,Sunrisers Hyderabad,Wankhede Stadium,Yes,c G H Vihari b D W Steyn,1,17,17,100,,1484,20.33,109.84
83,1/5/2015,Rajasthan Royals,Wankhede Stadium,Yes,c & b D S Kulkarni,1,23,14,164.29,,1507,20.36,110.4
84,3/5/2015,Kings XI Punjab,Punjab Cricket Association IS Bindra Stadium,Yes,c M Vijay b Karanveer Singh,1,59,36,163.89,,1566,20.88,111.78
85,5/5/2015,Delhi Capitals,Wankhede Stadium,Yes,c A Mishra b A D Mathews,1,13,13,100,,1579,20.78,111.67
86,8/5/2015,Chennai Super Kings,MA Chidambaram Stadium,Yes,c F du Plessis b R Ashwin,1,45,32,140.63,,1624,21.09,112.31
87,10/5/2015,Royal Challengers Bangalore,Wankhede Stadium,Yes,run out,1,19,11,172.73,,1643,21.06,112.77
88,14/05/2015,Kolkata Knight Riders,Wankhede Stadium,Yes,c M K Pandey b Shakib Al Hasan,1,21,14,150,,1664,21.06,113.12
89,17/05/2015,Sunrisers Hyderabad,Rajiv Gandhi International Stadium,Yes,not out,0,51,37,137.84,,1715,21.71,113.73
90,19/05/2015,Chennai Super Kings,Wankhede Stadium,Yes,c R A Jadeja b D J J Bravo,1,35,25,140,,1750,21.88,114.16
91,24/05/2015,Chennai Super Kings,Eden Gardens,Yes,run out,1,0,3,0,,1750,21.6,113.93
92,13/04/2016,Kolkata Knight Riders,Eden Gardens,Yes,run out,1,23,20,115,,1773,21.62,113.95
93,16/04/2016,Gujarat Lions,Wankhede Stadium,Yes,c J P Faulkner b P V Tambe,1,34,29,117.24,,1807,21.77,114.01
94,18/04/2016,Sunrisers Hyderabad,Rajiv Gandhi International Stadium,Yes,b B B Sran,1,10,12,83.33,,1817,21.63,113.78
95,20/04/2016,Royal Challengers Bangalore,Barabati Stadium,Yes,c A B de Villiers b K W Richardson,1,5,6,83.33,,1822,21.44,113.66
96,23/04/2016,Delhi Capitals,Arun Jaitley Stadium,Yes,run out,1,1,4,25,,1823,21.2,113.44
97,25/04/2016,Kings XI Punjab,Punjab Cricket Association IS Bindra Stadium,Yes,c S E Marsh b M G Johnson,1,81,58,139.66,,1904,21.89,114.35
98,28/04/2016,Kolkata Knight Riders,Wankhede Stadium,Yes,c Y K Pathan b U T Yadav,1,1,2,50,,1905,21.65,114.28
99,1/5/2016,Rising Pune Supergiant,Maharashtra Cricket Association Stadium,Yes,c †M S Dhoni b A B Dinda,1,21,15,140,,1926,21.64,114.51
100,8/5/2016,Sunrisers Hyderabad,Dr YS Rajasekhara Reddy Cricket Stadium,Yes,lbw b B Kumar,1,0,4,0,,1926,21.4,114.23
101,11/5/2016,Royal Challengers Bangalore,M Chinnaswamy Stadium,Yes,c S R Watson b S Aravind,1,1,2,50,,1927,21.18,114.16
102,6/4/2017,Rising Pune Supergiant,Maharashtra Cricket Association Stadium,Yes,b Imran Tahir,1,19,14,135.71,,1946,21.15,114.34
103,9/4/2017,Kolkata Knight Riders,Wankhede Stadium,Yes,lbw b Kuldeep Yadav,1,30,27,111.11,,1976,21.25,114.29
104,12/4/2017,Sunrisers Hyderabad,Wankhede Stadium,Yes,c B Kumar b D J Hooda,1,39,24,162.5,,2015,21.44,114.95
105,14/04/2017,Royal Challengers Bangalore,M Chinnaswamy Stadium,Yes,c C H Gayle b S Badree,1,3,8,37.5,,2018,21.24,114.59
106,16/04/2017,Gujarat Lions,Wankhede Stadium,Yes,c J J Roy b P Kumar,1,0,2,0,,2018,21.02,114.46
107,20/04/2017,Kings XI Punjab,Holkar Cricket Stadium,Yes,c G J Maxwell b M P Stoinis,1,37,18,205.56,,2055,21.19,115.38
108,22/04/2017,Delhi Capitals,Wankhede Stadium,Yes,b K Rabada,1,8,11,72.73,,2063,21.05,115.12
109,24/04/2017,Rising Pune Supergiant,Wankhede Stadium,Yes,b W Washington Sundar,1,33,27,122.22,,2096,21.17,115.23
110,29/04/2017,Gujarat Lions,Saurashtra Cricket Association Stadium,Yes,c †K D Karthik b J P Faulkner,1,70,44,159.09,,2166,21.66,116.26
111,1/5/2017,Royal Challengers Bangalore,Wankhede Stadium,Yes,c Y S Chahal b A V Choudhary,1,0,1,0,,2166,21.45,116.2
112,6/5/2017,Delhi Capitals,Barabati Stadium,Yes,st R R Pant b A Mishra,1,25,22,113.64,,2191,21.48,116.17
113,8/5/2017,Sunrisers Hyderabad,Rajiv Gandhi International Stadium,Yes,c D A Warner b S Kaul,1,23,17,135.29,,2214,21.5,116.34
114,11/5/2017,Kings XI Punjab,Wankhede Stadium,Yes,c M Vohra b M M Sharma,1,38,23,165.22,,2252,21.65,116.93
115,16/05/2017,Rising Pune Supergiant,Wankhede Stadium,Yes,c D T Christian b S N Thakur,1,52,40,130,,2304,21.94,117.19
116,19/05/2017,Kolkata Knight Riders,M Chinnaswamy Stadium,Yes,c †R V Uthappa b U T Yadav,1,14,9,155.56,,2318,21.87,117.37
117,21/05/2017,Rising Pune Supergiant,Rajiv Gandhi International Stadium,Yes,c S N Thakur b J D Unadkat,1,4,6,66.67,,2322,21.7,117.21
118,5/5/2018,Chennai Super Kings,Maharashtra Cricket Association Stadium,Yes,c & b R A Jadeja,1,53,41,129.27,,2375,21.99,117.46
119,7/5/2018,Sunrisers Hyderabad,Rajiv Gandhi International Stadium,Yes,lbw b Shakib Al Hasan,1,20,13,153.85,,2395,21.97,117.69
120,12/5/2018,Delhi Capitals,Arun Jaitley Stadium,Yes,lbw b S Lamichhane,1,6,8,75,,2401,21.83,117.52
121,14/05/2018,Kings XI Punjab,Holkar Cricket Stadium,Yes,not out,0,40,22,181.82,,2441,22.19,118.21
122,17/05/2018,Sunrisers Hyderabad,M Chinnaswamy Stadium,Yes,c S Kaul b Sandeep Sharma,1,1,4,25,,2442,22,118.03
123,18/05/2018,Rajasthan Royals,Sawai Mansingh Stadium,No,st H Klaasen b S Gopal,1,33,21,157.14,,2475,22.1,118.42
124,23/03/2019,Chennai Super Kings,MA Chidambaram Stadium,Yes,c K M Jadhav b D J J Bravo,1,29,35,82.86,,2504,22.16,117.84
125,28/03/2019,Mumbai Indians,M Chinnaswamy Stadium,Yes,b M Markande,1,31,22,140.91,,2535,22.24,118.07
126,31/03/2019,Sunrisers Hyderabad,Rajiv Gandhi International Stadium,Yes,c M K Pandey b Mohammad Nabi,1,11,8,137.5,,2546,22.14,118.14
127,2/4/2019,Rajasthan Royals,Sawai Mansingh Stadium,Yes,c A M Rahane b J C Archer,1,67,41,163.41,,2613,22.53,118.99
128,5/4/2019,Kolkata Knight Riders,M Chinnaswamy Stadium,Yes,lbw b N Rana,1,25,24,104.17,,2638,22.55,118.83
129,7/4/2019,Delhi Capitals,M Chinnaswamy Stadium,Yes,c S Lamichhane b C H Morris,1,9,9,100,,2647,22.43,118.75
130,13/04/2019,Kings XI Punjab,Punjab Cricket Association IS Bindra Stadium,Yes,c M A Agarwal b R Ashwin,1,19,9,211.11,,2666,22.4,119.12
131,15/04/2019,Mumbai Indians,Wankhede Stadium,Yes,c S A Yadav b H H Pandya,1,28,20,140,,2694,22.45,119.31
132,19/04/2019,Kolkata Knight Riders,Eden Gardens,Yes,c N Rana b S P Narine,1,11,11,100,,2705,22.36,119.22
133,21/04/2019,Chennai Super Kings,M Chinnaswamy Stadium,Yes,c S R Watson b D J J Bravo,1,53,37,143.24,,2758,22.61,119.6
134,24/04/2019,Kings XI Punjab,M Chinnaswamy Stadium,Yes,c R Ashwin b M Ashwin,1,43,24,179.17,,2801,22.77,120.21
135,28/04/2019,Delhi Capitals,Arun Jaitley Stadium,Yes,c A R Patel b K Rabada,1,39,20,195,,2840,22.9,120.85
136,30/04/2019,Rajasthan Royals,M Chinnaswamy Stadium,Yes,c O R Thomas b J D Unadkat,1,8,5,160,,2848,22.78,120.93
137,4/5/2019,Sunrisers Hyderabad,M Chinnaswamy Stadium,No,c M K Pandey b B Kumar,1,0,3,0,,2848,22.6,120.78
