Match,Date,Vs,Venue,How Dismissed,Out,Runs,Balls,TotalRuns
1,29/04/2008,Kolkata Knight Riders,Eden Gardens,b A B Dinda,1,0,3,0
2,26/05/2008,Rajasthan Royals,Sawai Mansingh Stadium,b Sohail Tanvir,1,3,6,3
3,29/04/2009,Kolkata Knight Riders,Kingsmead,not out,0,2,2,5
4,21/05/2009,Deccan Chargers,SuperSport Park,not out,0,114,73,119
5,23/05/2009,Chennai Super Kings,Wanderers Stadium,b S B Jakati,1,48,35,167
6,24/05/2009,Deccan Chargers,Wanderers Stadium,c †A C Gilchrist b P P Ojha,1,4,8,171
7,14/03/2010,Kolkata Knight Riders,Eden Gardens,b A D Mathews,1,0,7,171
8,16/03/2010,Kings XI Punjab,M Chinnaswamy Stadium,c I K Pathan b P P Chawla,1,38,26,209
9,18/03/2010,Rajasthan Royals,M Chinnaswamy Stadium,not out,0,42,30,251
10,20/03/2010,Mumbai Indians,Barabati Stadium,c K A Pollard b Harbhajan Singh,1,40,27,291
11,23/03/2010,Chennai Super Kings,M Chinnaswamy Stadium,c S K Raina b M Muralitharan,1,20,28,311
12,25/03/2010,Delhi Capitals,M Chinnaswamy Stadium,b A B McDonald,1,39,29,350
13,31/03/2010,Chennai Super Kings,MA Chidambaram Stadium,c †M S Dhoni b T Thushara,1,5,7,355
14,2/4/2010,Kings XI Punjab,Barabati Stadium,run out,1,29,25,384
15,8/4/2010,Deccan Chargers,M Chinnaswamy Stadium,b R J Harris,1,1,6,385
16,12/4/2010,Deccan Chargers,Vidarbha Cricket Association Stadium,c †A C Gilchrist b R J Harris,1,0,1,385
17,14/04/2010,Rajasthan Royals,Sawai Mansingh Stadium,c Y K Pathan b S K Trivedi,1,14,13,399
18,17/04/2010,Mumbai Indians,M Chinnaswamy Stadium,c Z Khan b C R D Fernando,1,16,18,415
19,21/04/2010,Mumbai Indians,Dr DY Patil Sports Academy,c J-P Duminy b K A Pollard,1,5,9,420
20,25/04/2011,Chennai Super Kings,MA Chidambaram Stadium,b J A Morkel,1,12,9,432
21,27/04/2011,Chennai Super Kings,Dr DY Patil Sports Academy,c R Ashwin b T G Southee,1,10,13,442
22,29/04/2011,Royal Challengers Bangalore,M Chinnaswamy Stadium,c S S Tiwary b D L Vettori,1,19,23,461
23,1/5/2011,Rajasthan Royals,Sawai Mansingh Stadium,c L R P L Taylor b S K Trivedi,1,30,31,491
24,4/5/2011,Mumbai Indians,Dr DY Patil Sports Academy,c R G Sharma b S L Malinga,1,59,47,550
25,8/5/2011,Kings XI Punjab,Punjab Cricket Association IS Bindra Stadium,b P Kumar,1,28,30,578
26,10/5/2011,Deccan Chargers,Rajiv Gandhi International Stadium,lbw b A Mishra,1,49,42,627
27,16/05/2011,Deccan Chargers,Dr DY Patil Sports Academy,b P P Ojha,1,23,20,650
28,19/05/2011,Kolkata Knight Riders,Dr DY Patil Sports Academy,lbw b Iqbal Abdulla,1,16,12,666
29,6/4/2012,Mumbai Indians,Wankhede Stadium,b S L Malinga,1,0,5,666
30,8/4/2012,Kings XI Punjab,Maharashtra Cricket Association Stadium,not out,0,12,4,678
31,12/4/2012,Kings XI Punjab,Punjab Cricket Association IS Bindra Stadium,c D J Hussey b Harmeet Singh,1,0,3,678
32,19/04/2012,Chennai Super Kings,MA Chidambaram Stadium,c S Badrinath b D J J Bravo,1,13,6,691
33,24/04/2012,Delhi Capitals,Maharashtra Cricket Association Stadium,not out,0,80,56,771
34,26/04/2012,Deccan Chargers,Maharashtra Cricket Association Stadium,b J Theron,1,21,20,792
35,1/5/2012,Deccan Chargers,Barabati Stadium,c K C Sangakkara b Ankit Sharma,1,0,1,792
36,11/5/2012,Royal Challengers Bangalore,Maharashtra Cricket Association Stadium,b Z Khan,1,0,2,792
37,5/4/2013,Sunrisers Hyderabad,Rajiv Gandhi International Stadium,c C L White b A Mishra,1,15,29,807
38,7/4/2013,Kings XI Punjab,Maharashtra Cricket Association Stadium,b P Kumar,1,0,4,807
39,15/04/2013,Chennai Super Kings,MA Chidambaram Stadium,b D J J Bravo,1,9,8,816
40,17/04/2013,Sunrisers Hyderabad,Maharashtra Cricket Association Stadium,not out,0,7,6,823
41,15/05/2013,Kolkata Knight Riders,JSCA International Stadium Complex,run out,1,66,47,889
42,19/05/2013,Delhi Capitals,Maharashtra Cricket Association Stadium,b S Nadeem,1,10,14,899
43,16/04/2014,Mumbai Indians,Sheikh Zayed Stadium,b S L Malinga,1,64,53,963
44,19/04/2014,Delhi Capitals,Dubai International Cricket Stadium,b S Nadeem,1,48,42,1011
45,24/04/2014,Royal Challengers Bangalore,Sharjah Cricket Stadium,c V Kohli b J A Morkel,1,5,3,1016
46,26/04/2014,Kings XI Punjab,Sheikh Zayed Stadium,lbw b Sandeep Sharma,1,8,10,1024
47,29/04/2014,Rajasthan Royals,Sheikh Zayed Stadium,lbw b P V Tambe,1,19,11,1043
48,2/5/2014,Chennai Super Kings,JSCA International Stadium Complex,c B B McCullum b R A Jadeja,1,1,2,1044
49,5/5/2014,Rajasthan Royals,Sardar Patel Stadium,st S V Samson b P V Tambe,1,0,0,1044
50,7/5/2014,Delhi Capitals,Arun Jaitley Stadium,not out,0,23,14,1067
51,11/5/2014,Kings XI Punjab,Barabati Stadium,not out,0,36,35,1103
52,14/05/2014,Mumbai Indians,Barabati Stadium,b Harbhajan Singh,1,14,21,1117
53,18/05/2014,Sunrisers Hyderabad,Rajiv Gandhi International Stadium,c A J Finch b K V Sharma,1,35,32,1152
54,20/05/2014,Chennai Super Kings,Eden Gardens,not out,0,18,28,1170
55,22/05/2014,Royal Challengers Bangalore,Eden Gardens,c M A Starc b A B Dinda,1,13,12,1183
56,24/05/2014,Sunrisers Hyderabad,Eden Gardens,c D W Steyn b K V Sharma,1,2,7,1185
57,28/05/2014,Kings XI Punjab,Eden Gardens,b A R Patel,1,21,20,1206
58,1/6/2014,Kings XI Punjab,M Chinnaswamy Stadium,c G J Bailey b Karanveer Singh,1,94,50,1300
59,8/4/2015,Mumbai Indians,Eden Gardens,c K A Pollard b Harbhajan Singh,1,40,24,1340
60,11/4/2015,Royal Challengers Bangalore,Eden Gardens,run out,1,23,15,1363
61,18/04/2015,Kings XI Punjab,Maharashtra Cricket Association Stadium,c G J Bailey b Sandeep Sharma,1,12,6,1375
62,20/04/2015,Delhi Capitals,Arun Jaitley Stadium,c Imran Tahir b D J Muthuswami,1,0,3,1375
63,22/04/2015,Sunrisers Hyderabad,Dr YS Rajasekhara Reddy Cricket Stadium,not out,0,33,24,1408
64,28/04/2015,Chennai Super Kings,MA Chidambaram Stadium,c D J J Bravo b R Ashwin,1,15,20,1423
65,30/04/2015,Chennai Super Kings,Eden Gardens,c R A Jadeja b P Negi,1,3,10,1426
66,4/5/2015,Sunrisers Hyderabad,Eden Gardens,run out,1,33,26,1459
67,7/5/2015,Delhi Capitals,Eden Gardens,b Yuvraj Singh,1,22,19,1481
68,9/5/2015,Kings XI Punjab,Eden Gardens,c A R Patel b G J Maxwell,1,22,15,1503
69,14/05/2015,Mumbai Indians,Wankhede Stadium,run out,1,1,1,1504
70,16/05/2015,Rajasthan Royals,Brabourne Stadium,c C H Morris b D S Kulkarni,1,21,21,1525
71,10/4/2016,Delhi Capitals,Eden Gardens,not out,0,15,12,1540
72,13/04/2016,Mumbai Indians,Eden Gardens,c & b Harbhajan Singh,1,52,29,1592
73,16/04/2016,Sunrisers Hyderabad,Rajiv Gandhi International Stadium,not out,0,11,11,1603
74,19/04/2016,Kings XI Punjab,Punjab Cricket Association IS Bindra Stadium,b A R Patel,1,12,11,1615
75,2/5/2016,Royal Challengers Bangalore,M Chinnaswamy Stadium,c Sachin Baby b S R Watson,1,8,12,1623
76,8/5/2016,Gujarat Lions,Eden Gardens,c †K D Karthik b P Kumar,1,0,2,1623
77,14/05/2016,Rising Pune Supergiant,Eden Gardens,not out,0,15,10,1638
78,16/05/2016,Royal Challengers Bangalore,Eden Gardens,c A B de Villiers b S Aravind,1,50,35,1688
79,19/05/2016,Gujarat Lions,Green Park,c S K Raina b D R Smith,1,1,3,1689
80,22/05/2016,Sunrisers Hyderabad,Eden Gardens,c K S Williamson b B Kumar,1,48,30,1737
81,25/05/2016,Sunrisers Hyderabad,Arun Jaitley Stadium,c D J Hooda b B Kumar,1,36,28,1773
82,9/4/2017,Mumbai Indians,Wankhede Stadium,not out,0,81,47,1854
83,13/04/2017,Kings XI Punjab,Barabati Stadium,not out,0,25,16,1879
84,15/04/2017,Sunrisers Hyderabad,Eden Gardens,c D A Warner b B Kumar,1,46,35,1925
85,17/04/2017,Delhi Capitals,Arun Jaitley Stadium,not out,0,69,49,1994
86,21/04/2017,Gujarat Lions,Eden Gardens,b Basil Thampi,1,24,21,2018
87,23/04/2017,Royal Challengers Bangalore,Eden Gardens,c S Badree b Y S Chahal,1,15,16,2033
88,26/04/2017,Rising Pune Supergiant,Maharashtra Cricket Association Stadium,not out,0,0,0,2033
89,28/04/2017,Delhi Capitals,Eden Gardens,b K Rabada,1,5,4,2038
90,30/04/2017,Sunrisers Hyderabad,Rajiv Gandhi International Stadium,c & b B Kumar,1,39,29,2077
91,3/5/2017,Rising Pune Supergiant,Eden Gardens,c A M Rahane b D T Christian,1,37,32,2114
92,7/5/2017,Royal Challengers Bangalore,M Chinnaswamy Stadium,not out,0,4,3,2118
93,9/5/2017,Kings XI Punjab,Punjab Cricket Association IS Bindra Stadium,c A R Patel b M J Henry,1,18,23,2136
94,13/05/2017,Mumbai Indians,Eden Gardens,c sub b H H Pandya,1,33,33,2169
95,12/4/2018,Mumbai Indians,Rajiv Gandhi International Stadium,c R G Sharma b M Markande,1,11,8,2180
96,14/04/2018,Kolkata Knight Riders,Eden Gardens,lbw b Kuldeep Yadav,1,4,11,2184
97,19/04/2018,Kings XI Punjab,Punjab Cricket Association IS Bindra Stadium,not out,0,57,42,2241
98,22/04/2018,Chennai Super Kings,Rajiv Gandhi International Stadium,c K V Sharma b D L Chahar,1,0,2,2241
99,24/04/2018,Mumbai Indians,Wankhede Stadium,c R G Sharma b H H Pandya,1,16,11,2257
100,26/04/2018,Kings XI Punjab,Rajiv Gandhi International Stadium,b A S Rajpoot,1,54,51,2311
101,29/04/2018,Rajasthan Royals,Sawai Mansingh Stadium,c A M Rahane b J D Unadkat,1,16,15,2327
102,5/5/2018,Delhi Capitals,Rajiv Gandhi International Stadium,c P P Shaw b L E Plunkett,1,21,17,2348
103,7/5/2018,Royal Challengers Bangalore,Rajiv Gandhi International Stadium,c V Kohli b Y S Chahal,1,5,7,2353
104,13/05/2018,Chennai Super Kings,Maharashtra Cricket Association Stadium,c D J Willey b S N Thakur,1,5,6,2358
105,17/05/2018,Royal Challengers Bangalore,M Chinnaswamy Stadium,not out,0,62,38,2420
106,19/05/2018,Kolkata Knight Riders,Rajiv Gandhi International Stadium,c sub b M Prasidh Krishna,1,25,22,2445
107,22/05/2018,Chennai Super Kings,Wankhede Stadium,c & b R A Jadeja,1,8,16,2453
108,24/03/2019,Kolkata Knight Riders,Eden Gardens,not out,0,8,5,2461
109,29/03/2019,Rajasthan Royals,Rajiv Gandhi International Stadium,lbw b S Gopal,1,1,4,2462
110,4/4/2019,Delhi Capitals,Arun Jaitley Stadium,c & b I Sharma,1,10,13,2472
111,6/4/2019,Mumbai Indians,Rajiv Gandhi International Stadium,c R G Sharma b J P Behrendorff,1,16,21,2488
112,8/4/2019,Kings XI Punjab,Punjab Cricket Association IS Bindra Stadium,c sub b Mohammed Shami,1,19,15,2507
113,23/04/2019,Chennai Super Kings,MA Chidambaram Stadium,not out,0,83,49,2590
114,27/04/2019,Rajasthan Royals,Sawai Mansingh Stadium,c †S V Samson b S Gopal,1,61,36,2651
115,29/04/2019,Kings XI Punjab,Rajiv Gandhi International Stadium,c Mohammed Shami b R Ashwin,1,36,25,2687
116,2/5/2019,Mumbai Indians,Wankhede Stadium,not out,0,71,47,2758
117,4/5/2019,Royal Challengers Bangalore,M Chinnaswamy Stadium,c S O Hetmeyer b W Washington Sundar,1,9,12,2767
118,8/5/2019,Delhi Capitals,Dr YS Rajasekhara Reddy Cricket Stadium,c S E Rutherford b K M A Paul,1,30,36,2797
