Match,Date,Vs,Venue,D/N*,How Dismissed,Out,Runs,Balls,S/R,,TotalRuns,Avg,S/R
1,20/04/2008,Royal Challengers Bangalore,Wankhede Stadium,Yes,st M V Boucher b B Akhil,1,48,38,126.32,,48,48,126.32
2,23/04/2008,Chennai Super Kings,MA Chidambaram Stadium,Yes,b Joginder Sharma,1,43,36,119.44,,91,45.5,122.97
3,25/04/2008,Kings XI Punjab,Punjab Cricket Association IS Bindra Stadium,Yes,c R R Sarwan b V R Singh,1,21,18,116.67,,112,37.33,121.74
4,27/04/2008,Deccan Chargers,Dr DY Patil Sports Academy,Yes,c †A C Gilchrist b Shahid Afridi,1,6,5,120,,118,29.5,121.65
5,29/04/2008,Kolkata Knight Riders,Eden Gardens,Yes,not out,0,37,37,100,,155,38.75,115.67
6,4/5/2008,Delhi Capitals,Dr DY Patil Sports Academy,Yes,c Shoaib Malik b P J Sangwan,1,22,21,104.76,,177,35.4,114.19
7,7/5/2008,Rajasthan Royals,Dr DY Patil Sports Academy,Yes,not out,0,34,21,161.9,,211,42.2,119.89
8,14/05/2008,Chennai Super Kings,Wankhede Stadium,Yes,not out,0,16,19,84.21,,227,45.4,116.41
9,16/05/2008,Kolkata Knight Riders,Wankhede Stadium,Yes,c S C Ganguly b I Sharma,1,9,8,112.5,,236,39.33,116.26
10,18/05/2008,Deccan Chargers,Rajiv Gandhi International Stadium,Yes,c Shahid Afridi b Y Venugopal Rao,1,7,16,43.75,,243,34.71,110.96
11,21/05/2008,Kings XI Punjab,Wankhede Stadium,Yes,c J R Hopes b Yuvraj Singh,1,9,13,69.23,,252,31.5,108.62
12,24/05/2008,Delhi Capitals,Arun Jaitley Stadium,Yes,not out,0,46,23,200,,298,37.25,116.86
13,26/05/2008,Rajasthan Royals,Sawai Mansingh Stadium,Yes,st Kamran Akmal b Sohail Tanvir,1,3,8,37.5,,301,33.44,114.45
14,28/05/2008,Royal Challengers Bangalore,M Chinnaswamy Stadium,Yes,not out,0,19,16,118.75,,320,35.56,114.7
15,18/04/2009,Rajasthan Royals,Newlands,Yes,c †M Rawat b A D Mascarenhas,1,3,10,30,,323,32.3,111.76
16,20/04/2009,Chennai Super Kings,St George's Park,Yes,st M S Dhoni b M Muralitharan,1,20,19,105.26,,343,31.18,111.36
17,22/04/2009,Deccan Chargers,Newlands,Yes,c D B Ravi Teja b S B Styris,1,12,19,63.16,,355,29.58,108.56
18,24/04/2009,Kings XI Punjab,Kingsmead,Yes,c Yuvraj Singh b I K Pathan,1,0,1,0,,355,27.31,108.23
19,26/04/2009,Delhi Capitals,St George's Park,No,c P J Sangwan b A Nehra,1,3,4,75,,358,25.57,107.83
20,1/5/2009,Kings XI Punjab,Kingsmead,Yes,c S M Katich b Yuvraj Singh,1,19,17,111.76,,377,25.13,108.02
21,3/5/2009,Mumbai Indians,Wanderers Stadium,Yes,not out,0,66,42,157.14,,443,29.53,113.3
22,7/5/2009,Rajasthan Royals,SuperSport Park,No,lbw b R A Jadeja,1,17,20,85,,460,28.75,111.92
23,10/5/2009,Mumbai Indians,St George's Park,No,c S R Tendulkar b D S Kulkarni,1,4,5,80,,464,27.29,111.54
24,12/5/2009,Kolkata Knight Riders,SuperSport Park,No,c A D Mathews b M Kartik,1,7,9,77.78,,471,26.17,110.82
25,14/05/2009,Chennai Super Kings,Kingsmead,No,lbw b J A Morkel,1,6,4,150,,477,25.11,111.19
26,19/05/2009,Delhi Capitals,Wanderers Stadium,Yes,c †K D Karthik b A Nehra,1,1,5,20,,478,23.9,110.14
27,24/05/2009,Deccan Chargers,Wanderers Stadium,Yes,not out,0,17,15,113.33,,495,24.75,110.24
28,14/03/2010,Kolkata Knight Riders,Eden Gardens,Yes,c †W P Saha b A D Mathews,1,20,17,117.65,,515,24.52,110.52
29,16/03/2010,Kings XI Punjab,M Chinnaswamy Stadium,Yes,c M Kaif b Bipul Sharma,1,51,21,242.86,,566,25.73,116.22
30,20/03/2010,Mumbai Indians,Barabati Stadium,Yes,c S L Malinga b Z Khan,1,23,15,153.33,,589,25.61,117.33
31,23/03/2010,Chennai Super Kings,M Chinnaswamy Stadium,Yes,not out,0,68,38,178.95,,657,28.57,121.67
32,25/03/2010,Delhi Capitals,M Chinnaswamy Stadium,Yes,c †K D Karthik b A Mishra,1,15,10,150,,672,28,122.18
33,31/03/2010,Chennai Super Kings,MA Chidambaram Stadium,Yes,c M Gony b S B Jakati,1,21,13,161.54,,693,27.72,123.09
34,2/4/2010,Kings XI Punjab,Barabati Stadium,Yes,c †K C Sangakkara b I K Pathan,1,22,8,275,,715,27.5,125.22
35,4/4/2010,Delhi Capitals,Arun Jaitley Stadium,Yes,c D A Warner b P J Sangwan,1,12,9,133.33,,727,26.93,125.34
36,8/4/2010,Deccan Chargers,M Chinnaswamy Stadium,Yes,c †A C Gilchrist b A Symonds,1,2,5,40,,729,26.04,124.62
37,10/4/2010,Kolkata Knight Riders,M Chinnaswamy Stadium,Yes,not out,0,50,22,227.27,,779,27.82,128.34
38,12/4/2010,Deccan Chargers,Vidarbha Cricket Association Stadium,Yes,b Harmeet Singh,1,34,20,170,,813,28.03,129.67
39,14/04/2010,Rajasthan Royals,Sawai Mansingh Stadium,Yes,st N V Ojha b S K Warne,1,26,21,123.81,,839,27.97,129.48
40,17/04/2010,Mumbai Indians,M Chinnaswamy Stadium,Yes,c A M Nayar b K A Pollard,1,4,6,66.67,,843,27.19,128.9
41,21/04/2010,Mumbai Indians,Dr DY Patil Sports Academy,Yes,c S Dhawan b K A Pollard,1,26,13,200,,869,27.16,130.28
42,10/4/2011,Kings XI Punjab,Dr DY Patil Sports Academy,Yes,not out,0,22,14,157.14,,891,27.84,130.84
43,13/04/2011,Kochi Tuskers Kerala,Dr DY Patil Sports Academy,Yes,b M Muralitharan,1,31,13,238.46,,922,27.94,132.85
44,17/04/2011,Delhi Capitals,Dr DY Patil Sports Academy,Yes,c D A Warner b S Nadeem,1,4,10,40,,926,27.24,131.53
45,20/04/2011,Mumbai Indians,Wankhede Stadium,Yes,c K A Pollard b A G Murtaza,1,45,37,121.62,,971,27.74,131.04
46,25/04/2011,Chennai Super Kings,MA Chidambaram Stadium,Yes,b R Ashwin,1,0,4,0,,971,26.97,130.34
47,27/04/2011,Chennai Super Kings,Dr DY Patil Sports Academy,Yes,c S Anirudha b R Ashwin,1,31,22,140.91,,1002,27.08,130.64
48,29/04/2011,Royal Challengers Bangalore,M Chinnaswamy Stadium,Yes,not out,0,23,17,135.29,,1025,27.7,130.74
49,1/5/2011,Rajasthan Royals,Sawai Mansingh Stadium,Yes,c †D H Yagnik b S K Warne,1,35,21,166.67,,1060,27.89,131.68
50,4/5/2011,Mumbai Indians,Dr DY Patil Sports Academy,Yes,not out,0,34,26,130.77,,1094,28.79,131.65
51,8/5/2011,Kings XI Punjab,Punjab Cricket Association IS Bindra Stadium,Yes,c S J Srivastava b R J Harris,1,22,18,122.22,,1116,28.62,131.45
52,10/5/2011,Deccan Chargers,Rajiv Gandhi International Stadium,Yes,c †K C Sangakkara b D T Christian,1,1,3,33.33,,1117,27.93,131.1
53,16/05/2011,Deccan Chargers,Dr DY Patil Sports Academy,Yes,c & b A Mishra,1,4,5,80,,1121,27.34,130.81
54,19/05/2011,Kolkata Knight Riders,Dr DY Patil Sports Academy,Yes,c B Lee b Y K Pathan,1,12,19,63.16,,1133,26.98,129.34
55,6/4/2012,Mumbai Indians,Wankhede Stadium,Yes,c & b K A Pollard,1,36,33,109.09,,1169,27.19,128.6
56,8/4/2012,Kings XI Punjab,Maharashtra Cricket Association Stadium,Yes,b Harmeet Singh,1,40,33,121.21,,1209,27.48,128.34
57,12/4/2012,Kings XI Punjab,Punjab Cricket Association IS Bindra Stadium,Yes,c Bipul Sharma b A D Mascarenhas,1,17,16,106.25,,1226,27.24,127.97
58,14/04/2012,Chennai Super Kings,Maharashtra Cricket Association Stadium,Yes,run out,1,10,7,142.86,,1236,26.87,128.08
59,17/04/2012,Royal Challengers Bangalore,M Chinnaswamy Stadium,Yes,c H V Patel b D L Vettori,1,69,45,153.33,,1305,27.77,129.21
60,19/04/2012,Chennai Super Kings,MA Chidambaram Stadium,Yes,c R Ashwin b K M D N Kulasekara,1,8,5,160,,1313,27.35,129.36
61,21/04/2012,Delhi Capitals,Arun Jaitley Stadium,Yes,c †N V Ojha b M Morkel,1,10,13,76.92,,1323,27,128.7
62,24/04/2012,Delhi Capitals,Maharashtra Cricket Association Stadium,Yes,not out,0,60,58,103.45,,1383,28.22,127.35
63,26/04/2012,Deccan Chargers,Maharashtra Cricket Association Stadium,Yes,b A A Ashish Reddy,1,29,27,107.41,,1412,28.24,126.86
64,1/5/2012,Deccan Chargers,Barabati Stadium,Yes,c sub b A A Ashish Reddy,1,26,18,144.44,,1438,28.2,127.14
65,3/5/2012,Mumbai Indians,Maharashtra Cricket Association Stadium,Yes,lbw b M M Patel,1,18,18,100,,1456,28,126.72
66,5/5/2012,Kolkata Knight Riders,Eden Gardens,Yes,c L R Shukla b M de Lange,1,17,14,121.43,,1473,27.79,126.66
67,8/5/2012,Rajasthan Royals,Maharashtra Cricket Association Stadium,Yes,c †D H Yagnik b S W Tait,1,13,19,68.42,,1486,27.52,125.72
68,11/5/2012,Royal Challengers Bangalore,Maharashtra Cricket Association Stadium,Yes,st A B de Villiers b M Muralitharan,1,38,23,165.22,,1524,27.71,126.47
69,13/05/2012,Rajasthan Royals,Sawai Mansingh Stadium,Yes,st S P Goswami b A Chandila,1,6,6,100,,1530,27.32,126.34
70,19/05/2012,Kolkata Knight Riders,Maharashtra Cricket Association Stadium,Yes,c M K Tiwary b Iqbal Abdulla,1,8,8,100,,1538,26.98,126.17
71,5/4/2013,Sunrisers Hyderabad,Rajiv Gandhi International Stadium,Yes,c †P A Patel b N L T C Perera,1,24,22,109.09,,1562,26.93,125.87
72,7/4/2013,Kings XI Punjab,Maharashtra Cricket Association Stadium,Yes,b P P Chawla,1,19,23,82.61,,1581,26.8,125.08
73,11/4/2013,Rajasthan Royals,Maharashtra Cricket Association Stadium,Yes,c R Dravid b J P Faulkner,1,32,16,200,,1613,26.88,126.02
74,13/04/2013,Mumbai Indians,Wankhede Stadium,Yes,b M G Johnson,1,7,9,77.78,,1620,26.56,125.68
75,15/04/2013,Chennai Super Kings,MA Chidambaram Stadium,Yes,c R A Jadeja b C H Morris,1,26,33,78.79,,1646,26.55,124.51
76,17/04/2013,Sunrisers Hyderabad,Maharashtra Cricket Association Stadium,Yes,c B B Samantray b N L T C Perera,1,22,14,157.14,,1668,26.48,124.85
77,21/04/2013,Kings XI Punjab,Punjab Cricket Association IS Bindra Stadium,Yes,c †A C Gilchrist b P Awana,1,37,33,112.12,,1705,26.64,124.54
78,23/04/2013,Royal Challengers Bangalore,M Chinnaswamy Stadium,Yes,c R P Singh b R Rampaul,1,0,2,0,,1705,26.23,124.36
79,28/04/2013,Delhi Capitals,Shaheed Veer Narayan Sing International Stadium,Yes,c U B T Chand b I K Pathan,1,37,33,112.12,,1742,26.39,124.07
80,30/04/2013,Chennai Super Kings,Maharashtra Cricket Association Stadium,Yes,run out,1,10,11,90.91,,1752,26.15,123.82
81,2/5/2013,Royal Challengers Bangalore,Maharashtra Cricket Association Stadium,Yes,c R P Singh b M Kartik,1,75,45,166.67,,1827,26.87,125.14
82,5/5/2013,Rajasthan Royals,Sawai Mansingh Stadium,Yes,run out,1,54,41,131.71,,1881,27.26,125.32
83,9/5/2013,Kolkata Knight Riders,Maharashtra Cricket Association Stadium,Yes,c G Gambhir b Iqbal Abdulla,1,31,35,88.57,,1912,27.31,124.48
84,11/5/2013,Mumbai Indians,Maharashtra Cricket Association Stadium,Yes,lbw b S L Malinga,1,11,13,84.62,,1923,27.08,124.14
85,15/05/2013,Kolkata Knight Riders,JSCA International Stadium Complex,Yes,b S M S M Senanayake,1,25,21,119.05,,1948,27.06,124.08
86,19/05/2013,Delhi Capitals,Maharashtra Cricket Association Stadium,Yes,c D A Warner b U T Yadav,1,24,20,120,,1972,27.01,124.03
87,16/04/2014,Mumbai Indians,Sheikh Zayed Stadium,No,c R G Sharma b Z Khan,1,1,2,50,,1973,26.66,123.93
88,19/04/2014,Delhi Capitals,Dubai International Cricket Stadium,Yes,c L R P L Taylor b J D Unadkat,1,55,41,134.15,,2028,27.04,124.19
89,24/04/2014,Royal Challengers Bangalore,Sharjah Cricket Stadium,Yes,c M A Starc b V R Aaron,1,22,18,122.22,,2050,26.97,124.17
90,26/04/2014,Kings XI Punjab,Sheikh Zayed Stadium,Yes,run out,1,19,27,70.37,,2069,26.87,123.3
91,29/04/2014,Rajasthan Royals,Sheikh Zayed Stadium,Yes,b J P Faulkner,1,0,1,0,,2069,26.53,123.23
92,2/5/2014,Chennai Super Kings,JSCA International Stadium Complex,Yes,c †M S Dhoni b R A Jadeja,1,47,38,123.68,,2116,26.78,123.24
93,5/5/2014,Rajasthan Royals,Sardar Patel Stadium,Yes,c R Bhatia b S R Watson,1,65,52,125,,2181,27.26,123.29
94,7/5/2014,Delhi Capitals,Arun Jaitley Stadium,Yes,lbw b W D Parnell,1,47,34,138.24,,2228,27.51,123.57
95,11/5/2014,Kings XI Punjab,Barabati Stadium,Yes,c A R Patel b P Awana,1,46,28,164.29,,2274,27.73,124.19
96,14/05/2014,Mumbai Indians,Barabati Stadium,Yes,b L M P Simmons,1,80,52,153.85,,2354,28.36,125.01
97,18/05/2014,Sunrisers Hyderabad,Rajiv Gandhi International Stadium,No,run out,1,40,33,121.21,,2394,28.5,124.95
98,20/05/2014,Chennai Super Kings,Eden Gardens,Yes,c F du Plessis b R A Jadeja,1,67,39,171.79,,2461,28.95,125.88
99,22/05/2014,Royal Challengers Bangalore,Eden Gardens,Yes,not out,0,83,51,162.75,,2544,29.93,126.82
100,24/05/2014,Sunrisers Hyderabad,Eden Gardens,Yes,c J O Holder b K V Sharma,1,41,30,136.67,,2585,30.06,126.96
101,28/05/2014,Kings XI Punjab,Eden Gardens,Yes,c D A Miller b A R Patel,1,42,30,140,,2627,30.2,127.15
102,1/6/2014,Kings XI Punjab,M Chinnaswamy Stadium,Yes,c A R Patel b M G Johnson,1,5,3,166.67,,2632,29.91,127.21
103,8/4/2015,Mumbai Indians,Eden Gardens,Yes,c Harbhajan Singh b C J Anderson,1,9,12,75,,2641,29.67,126.91
104,11/4/2015,Royal Challengers Bangalore,Eden Gardens,Yes,c D J G Sammy b A N Ahmed,1,35,28,125,,2676,29.73,126.88
105,18/04/2015,Kings XI Punjab,Maharashtra Cricket Association Stadium,Yes,lbw b Sandeep Sharma,1,13,10,130,,2689,29.55,126.9
106,20/04/2015,Delhi Capitals,Arun Jaitley Stadium,Yes,c J-P Duminy b D J Muthuswami,1,13,13,100,,2702,29.37,126.74
107,22/04/2015,Sunrisers Hyderabad,Dr YS Rajasekhara Reddy Cricket Stadium,Yes,c P Kumar b M C Henriques,1,34,21,161.9,,2736,29.42,127.08
108,28/04/2015,Chennai Super Kings,MA Chidambaram Stadium,Yes,c B B McCullum b R Ashwin,1,39,17,229.41,,2775,29.52,127.88
109,30/04/2015,Chennai Super Kings,Eden Gardens,Yes,not out,0,80,58,137.93,,2855,30.37,128.14
110,2/5/2015,Royal Challengers Bangalore,M Chinnaswamy Stadium,Yes,c †K D Karthik b Y S Chahal,1,23,21,109.52,,2878,30.29,127.97
111,4/5/2015,Sunrisers Hyderabad,Eden Gardens,Yes,c D A Warner b K V Sharma,1,30,27,111.11,,2908,30.29,127.77
112,7/5/2015,Delhi Capitals,Eden Gardens,Yes,lbw b A Mishra,1,32,31,103.23,,2940,30.31,127.44
113,9/5/2015,Kings XI Punjab,Eden Gardens,Yes,c A R Patel b Anureet Singh,1,17,11,154.55,,2957,30.17,127.57
114,14/05/2015,Mumbai Indians,Wankhede Stadium,Yes,c S L Malinga b Harbhajan Singh,1,25,20,125,,2982,30.12,127.54
115,16/05/2015,Rajasthan Royals,Brabourne Stadium,Yes,c S P D Smith b D S Kulkarni,1,14,8,175,,2996,29.96,127.71
116,10/4/2016,Delhi Capitals,Eden Gardens,Yes,c C H Morris b A Mishra,1,35,33,106.06,,3031,30.01,127.41
117,13/04/2016,Mumbai Indians,Eden Gardens,Yes,c K A Pollard b M J McClenaghan,1,8,10,80,,3039,29.79,127.21
118,16/04/2016,Sunrisers Hyderabad,Rajiv Gandhi International Stadium,Yes,lbw b A A Ashish Reddy,1,38,34,111.76,,3077,29.87,126.99
119,19/04/2016,Kings XI Punjab,Punjab Cricket Association IS Bindra Stadium,Yes,lbw b P Sahu,1,53,28,189.29,,3130,30.1,127.7
120,24/04/2016,Rising Pune Supergiant,Maharashtra Cricket Association Stadium,No,lbw b J A Morkel,1,0,1,0,,3130,29.81,127.65
121,28/04/2016,Mumbai Indians,Wankhede Stadium,Yes,c K A Pollard b Harbhajan Singh,1,36,20,180,,3166,29.87,128.07
122,30/04/2016,Delhi Capitals,Arun Jaitley Stadium,Yes,c K K Nair b C H Morris,1,72,52,138.46,,3238,30.26,128.29
123,2/5/2016,Royal Challengers Bangalore,M Chinnaswamy Stadium,Yes,c V Kohli b S T R Binny,1,1,4,25,,3239,29.99,128.13
124,4/5/2016,Kings XI Punjab,Eden Gardens,Yes,run out,1,70,49,142.86,,3309,30.36,128.41
125,8/5/2016,Gujarat Lions,Eden Gardens,Yes,c †K D Karthik b D S Kulkarni,1,14,10,140,,3323,30.21,128.45
126,14/05/2016,Rising Pune Supergiant,Eden Gardens,Yes,st M S Dhoni b R Ashwin,1,4,1,400,,3327,29.97,128.55
127,16/05/2016,Royal Challengers Bangalore,Eden Gardens,Yes,c & b Iqbal Abdulla,1,2,4,50,,3329,29.72,128.43
128,19/05/2016,Gujarat Lions,Green Park,Yes,c †K D Karthik b D R Smith,1,25,19,131.58,,3354,29.68,128.46
129,22/05/2016,Sunrisers Hyderabad,Eden Gardens,Yes,c K S Williamson b B B Sran,1,25,17,147.06,,3379,29.64,128.58
130,25/05/2016,Sunrisers Hyderabad,Arun Jaitley Stadium,Yes,c M C Henriques b B B Sran,1,11,7,157.14,,3390,29.48,128.65
131,9/4/2017,Mumbai Indians,Wankhede Stadium,Yes,c H H Pandya b K H Pandya,1,4,3,133.33,,3394,29.26,128.66
132,13/04/2017,Kings XI Punjab,Barabati Stadium,Yes,b A R Patel,1,26,16,162.5,,3420,29.23,128.86
133,15/04/2017,Sunrisers Hyderabad,Eden Gardens,Yes,c Rashid Khan b B C J Cutting,1,68,39,174.36,,3488,29.56,129.52
134,17/04/2017,Delhi Capitals,Arun Jaitley Stadium,Yes,c †R R Pant b P J Cummins,1,4,2,200,,3492,29.34,129.57
135,21/04/2017,Gujarat Lions,Eden Gardens,Yes,c B B McCullum b P Kumar,1,72,48,150,,3564,29.7,129.93
136,23/04/2017,Royal Challengers Bangalore,Eden Gardens,Yes,lbw b S Badree,1,11,9,122.22,,3575,29.55,129.91
137,26/04/2017,Rising Pune Supergiant,Maharashtra Cricket Association Stadium,Yes,c R A Tripathi b J D Unadkat,1,87,47,185.11,,3662,30.02,130.83
138,28/04/2017,Delhi Capitals,Eden Gardens,Yes,run out,1,59,33,178.79,,3721,30.25,131.39
139,30/04/2017,Sunrisers Hyderabad,Rajiv Gandhi International Stadium,Yes,c D A Warner b Mohammed Siraj,1,53,28,189.29,,3774,30.44,131.96
140,9/5/2017,Kings XI Punjab,Punjab Cricket Association IS Bindra Stadium,Yes,c A R Patel b R Tewatia,1,0,1,0,,3774,30.19,131.91
141,13/05/2017,Mumbai Indians,Eden Gardens,Yes,c R G Sharma b K V Sharma,1,2,4,50,,3776,29.97,131.8
142,17/05/2017,Sunrisers Hyderabad,M Chinnaswamy Stadium,Yes,c S Dhawan b C J Jordan,1,1,2,50,,3777,29.74,131.74
143,19/05/2017,Mumbai Indians,M Chinnaswamy Stadium,Yes,lbw b J J Bumrah,1,1,3,33.33,,3778,29.52,131.64
144,8/4/2018,Royal Challengers Bangalore,Eden Gardens,Yes,c B B McCullum b U T Yadav,1,13,12,108.33,,3791,29.39,131.54
145,10/4/2018,Chennai Super Kings,MA Chidambaram Stadium,Yes,run out,1,29,16,181.25,,3820,29.38,131.82
146,14/04/2018,Sunrisers Hyderabad,Eden Gardens,Yes,c †W P Saha b B Kumar,1,3,8,37.5,,3823,29.18,131.56
147,16/04/2018,Delhi Capitals,Eden Gardens,Yes,c & b S Nadeem,1,35,19,184.21,,3858,29.23,131.9
148,18/04/2018,Rajasthan Royals,Sawai Mansingh Stadium,Yes,c B A Stokes b K Gowtham,1,48,36,133.33,,3906,29.37,131.91
149,21/04/2018,Kings XI Punjab,Eden Gardens,Yes,c K K Nair b R Ashwin,1,34,23,147.83,,3940,29.4,132.04
150,27/04/2018,Delhi Capitals,Arun Jaitley Stadium,Yes,c P P Shaw b T A Boult,1,1,2,50,,3941,29.19,131.98
151,29/04/2018,Royal Challengers Bangalore,M Chinnaswamy Stadium,Yes,c T G Southee b M Ashwin,1,36,21,171.43,,3977,29.24,132.26
152,3/5/2018,Chennai Super Kings,Eden Gardens,Yes,c D J J Bravo b K M Asif,1,6,8,75,,3983,29.07,132.11
153,6/5/2018,Mumbai Indians,Wankhede Stadium,Yes,c B C J Cutting b M Markande,1,54,35,154.29,,4037,29.25,132.36
154,9/5/2018,Mumbai Indians,Eden Gardens,Yes,c S A Yadav b M Markande,1,14,13,107.69,,4051,29.14,132.26
155,12/5/2018,Kings XI Punjab,Holkar Cricket Stadium,Yes,c M M Sharma b A J Tye,1,24,17,141.18,,4075,29.11,132.31
156,15/05/2018,Rajasthan Royals,Eden Gardens,Yes,c R A Tripathi b B A Stokes,1,4,6,66.67,,4079,28.93,132.18
157,19/05/2018,Sunrisers Hyderabad,Rajiv Gandhi International Stadium,Yes,c †S P Goswami b C R Brathwaite,1,45,34,132.35,,4124,29.04,132.18
158,23/05/2018,Rajasthan Royals,Eden Gardens,Yes,c & b K Gowtham,1,3,7,42.86,,4127,28.86,131.98
159,25/05/2018,Sunrisers Hyderabad,Eden Gardens,Yes,b Rashid Khan,1,2,8,25,,4129,28.67,131.71
160,24/03/2019,Sunrisers Hyderabad,Eden Gardens,Yes,b S Kaul,1,35,27,129.63,,4164,28.72,131.69
161,27/03/2019,Kings XI Punjab,Eden Gardens,Yes,not out,0,67,50,134,,4231,29.18,131.72
162,30/03/2019,Delhi Capitals,Arun Jaitley Stadium,Yes,lbw b H V Patel,1,11,6,183.33,,4242,29.05,131.82
163,5/4/2019,Royal Challengers Bangalore,M Chinnaswamy Stadium,Yes,c T G Southee b P Negi,1,33,25,132,,4275,29.08,131.82
164,7/4/2019,Rajasthan Royals,Sawai Mansingh Stadium,Yes,not out,0,26,16,162.5,,4301,29.26,131.97
165,9/4/2019,Chennai Super Kings,MA Chidambaram Stadium,Yes,c K M Jadhav b D L Chahar,1,11,9,122.22,,4312,29.14,131.95
166,12/4/2019,Delhi Capitals,Eden Gardens,Yes,c †R R Pant b K Rabada,1,28,30,93.33,,4340,29.13,131.59
167,14/04/2019,Chennai Super Kings,Eden Gardens,Yes,c F du Plessis b Imran Tahir,1,0,1,0,,4340,28.93,131.56
168,19/04/2019,Royal Challengers Bangalore,Eden Gardens,Yes,c P Negi b M P Stoinis,1,9,20,45,,4349,28.8,131.03
169,3/5/2019,Kings XI Punjab,Punjab Cricket Association IS Bindra Stadium,Yes,c M A Agarwal b R Ashwin,1,22,14,157.14,,4371,28.76,131.14
170,5/5/2019,Mumbai Indians,Wankhede Stadium,Yes,c R G Sharma b J J Bumrah,1,40,47,85.11,,4411,28.83,130.5
