Match,Date,Vs,Venue,D/N*,How Dismissed,Out,Runs,Balls,S/R,,TotalRuns,Avg,S/R
1,18/05/2012,Rajasthan Royals,Rajiv Gandhi International Stadium,Yes,c S R Watson b S K Trivedi,1,6,9,66.67,,6,6,66.67
2,24/04/2014,Royal Challengers Bangalore,Sharjah Cricket Stadium,Yes,c A B de Villiers b V R Aaron,1,45,31,145.16,,51,25.5,127.5
3,26/04/2014,Kings XI Punjab,Sheikh Zayed Stadium,Yes,b A R Patel,1,13,18,72.22,,64,21.33,110.34
4,28/04/2016,Mumbai Indians,Wankhede Stadium,Yes,not out,0,10,10,100,,74,24.67,108.82
5,2/5/2016,Royal Challengers Bangalore,M Chinnaswamy Stadium,Yes,b Y S Chahal,1,15,12,125,,89,22.25,111.25
6,7/4/2017,Gujarat Lions,Saurashtra Cricket Association Stadium,Yes,not out,0,93,41,226.83,,182,45.5,150.41
7,9/4/2017,Mumbai Indians,Wankhede Stadium,Yes,lbw b J J Bumrah,1,32,24,133.33,,214,42.8,147.59
8,7/5/2017,Royal Challengers Bangalore,M Chinnaswamy Stadium,Yes,b P Negi,1,50,22,227.27,,264,44,158.08
9,9/5/2017,Kings XI Punjab,Punjab Cricket Association IS Bindra Stadium,Yes,run out,1,84,52,161.54,,348,49.71,158.9
10,13/05/2017,Mumbai Indians,Eden Gardens,Yes,c sub b R Vinay Kumar,1,26,14,185.71,,374,46.75,160.52
11,17/05/2017,Sunrisers Hyderabad,M Chinnaswamy Stadium,Yes,c †N V Ojha b B Kumar,1,6,2,300,,380,42.22,161.7
12,19/05/2017,Mumbai Indians,M Chinnaswamy Stadium,Yes,c K A Pollard b J J Bumrah,1,4,8,50,,384,38.4,158.02
13,8/4/2018,Royal Challengers Bangalore,Eden Gardens,Yes,c A B de Villiers b C R Woakes,1,5,8,62.5,,389,35.36,154.98
14,10/4/2018,Chennai Super Kings,MA Chidambaram Stadium,Yes,b R A Jadeja,1,22,16,137.5,,411,34.25,153.93
15,14/04/2018,Sunrisers Hyderabad,Eden Gardens,Yes,c & b Shakib Al Hasan,1,49,34,144.12,,460,35.38,152.82
16,16/04/2018,Delhi Capitals,Eden Gardens,Yes,c J J Roy b Mohammed Shami,1,31,29,106.9,,491,35.07,148.79
17,18/04/2018,Rajasthan Royals,Sawai Mansingh Stadium,Yes,b K Gowtham,1,0,2,0,,491,32.73,147.89
18,21/04/2018,Kings XI Punjab,Eden Gardens,Yes,c †K L Rahul b A J Tye,1,74,41,180.49,,565,35.31,151.47
19,27/04/2018,Delhi Capitals,Arun Jaitley Stadium,Yes,b G J Maxwell,1,5,6,83.33,,570,33.53,150.4
20,29/04/2018,Royal Challengers Bangalore,M Chinnaswamy Stadium,Yes,not out,0,62,52,119.23,,632,37.18,146.64
21,3/5/2018,Chennai Super Kings,Eden Gardens,Yes,c S R Watson b L Ngidi,1,12,6,200,,644,35.78,147.37
22,6/5/2018,Mumbai Indians,Wankhede Stadium,Yes,c J J Bumrah b M J McClenaghan,1,17,13,130.77,,661,34.79,146.89
23,9/5/2018,Mumbai Indians,Eden Gardens,Yes,run out,1,21,15,140,,682,34.1,146.67
24,12/5/2018,Kings XI Punjab,Holkar Cricket Stadium,Yes,b A J Tye,1,27,17,158.82,,709,33.76,147.1
25,15/05/2018,Rajasthan Royals,Eden Gardens,Yes,c Anureet Singh b B A Stokes,1,45,42,107.14,,754,34.27,143.89
26,19/05/2018,Sunrisers Hyderabad,Rajiv Gandhi International Stadium,Yes,c M K Pandey b S Kaul,1,55,43,127.91,,809,35.17,142.68
27,23/05/2018,Rajasthan Royals,Eden Gardens,Yes,c & b S Gopal,1,18,22,81.82,,827,34.46,140.41
28,25/05/2018,Sunrisers Hyderabad,Eden Gardens,Yes,lbw b Rashid Khan,1,48,31,154.84,,875,35,141.13
29,24/03/2019,Sunrisers Hyderabad,Eden Gardens,Yes,c Rashid Khan b Shakib Al Hasan,1,7,11,63.64,,882,33.92,139.78
30,27/03/2019,Kings XI Punjab,Eden Gardens,Yes,c D A Miller b Mohammed Shami,1,10,10,100,,892,33.04,139.16
31,30/03/2019,Delhi Capitals,Arun Jaitley Stadium,Yes,c †R R Pant b K Rabada,1,20,18,111.11,,912,32.57,138.39
32,5/4/2019,Royal Challengers Bangalore,M Chinnaswamy Stadium,Yes,b P Negi,1,43,31,138.71,,955,32.93,138.41
33,7/4/2019,Rajasthan Royals,Sawai Mansingh Stadium,Yes,c S Midhun b S Gopal,1,50,32,156.25,,1005,33.5,139.2
34,9/4/2019,Chennai Super Kings,MA Chidambaram Stadium,Yes,lbw b D L Chahar,1,0,5,0,,1005,32.42,138.24
35,14/04/2019,Chennai Super Kings,Eden Gardens,Yes,c S N Thakur b Imran Tahir,1,82,51,160.78,,1087,33.97,139.72
36,19/04/2019,Royal Challengers Bangalore,Eden Gardens,Yes,c V Kohli b D W Steyn,1,1,2,50,,1088,32.97,139.49
37,21/04/2019,Sunrisers Hyderabad,Rajiv Gandhi International Stadium,Yes,c K S Williamson b K K Ahmed,1,51,47,108.51,,1139,33.5,137.73
38,25/04/2019,Rajasthan Royals,Eden Gardens,Yes,b V R Aaron,1,0,3,0,,1139,32.54,137.23
39,28/04/2019,Mumbai Indians,Eden Gardens,Yes,c E Lewis b R D Chahar,1,54,29,186.21,,1193,33.14,138.88
40,3/5/2019,Kings XI Punjab,Punjab Cricket Association IS Bindra Stadium,Yes,c & b A J Tye,1,46,22,209.09,,1239,33.49,140.64
41,5/5/2019,Mumbai Indians,Wankhede Stadium,Yes,c †Q de Kock b H H Pandya,1,41,29,141.38,,1280,33.68,140.66
