,Match,Ground,Vs,Date,Agg,Avg,WicketsCric,Overs,Runs,Econ,AvgCric,SR,5W
0,1.0,Sawai Mansingh Stadium,Rajasthan Royals,2012-04-08,0.0,,0,4.0,29,7.25,-,-,0
1,2.0,Eden Gardens,Rajasthan Royals,2012-04-13,1.0,51.0,1,4.0,22,5.5,22,24,0
2,3.0,Eden Gardens,Kings XI Punjab,2012-04-15,6.0,11.67,5,4.0,19,4.75,3.8,4.8,1
3,4.0,Punjab Cricket Association IS Bindra Stadium,Kings XI Punjab,2012-04-18,8.0,11.75,2,4.0,24,6.0,12,12,0
4,5.0,Barabati Stadium,Deccan Chargers,2012-04-22,10.0,12.0,2,4.0,26,6.5,13,12,0
5,6.0,Eden Gardens,Royal Challengers Bangalore,2012-04-28,11.0,11.91,1,4.0,11,2.75,11,24,0
6,7.0,MA Chidambaram Stadium,Chennai Super Kings,2012-04-30,12.0,12.92,1,4.0,24,6.0,24,24,0
7,8.0,Eden Gardens,Pune Warriors,2012-05-05,13.0,12.92,1,4.0,13,3.25,13,24,0
8,9.0,Arun Jaitley Stadium,Delhi Capitals,2012-05-07,15.0,12.73,2,4.0,23,5.75,11.5,12,0
9,10.0,Eden Gardens,Mumbai Indians,2012-05-12,15.0,14.6,0,4.0,28,7.0,-,-,0
10,11.0,Eden Gardens,Chennai Super Kings,2012-05-14,17.0,13.71,2,4.0,14,3.5,7,12,0
11,12.0,Wankhede Stadium,Mumbai Indians,2012-05-16,21.0,11.81,4,3.1,15,4.74,3.8,4.8,0
12,13.0,Maharashtra Cricket Association Stadium,Pune Warriors,2012-05-19,22.0,11.95,1,4.0,15,3.75,15,24,0
13,14.0,Maharashtra Cricket Association Stadium,Delhi Capitals,2012-05-22,24.0,11.96,2,4.0,24,6.0,12,12,0
14,15.0,MA Chidambaram Stadium,Chennai Super Kings,2012-05-27,24.0,13.5,0,4.0,37,9.25,-,-,0
15,16.0,Eden Gardens,Delhi Capitals,2013-04-03,28.0,12.04,4,4.0,13,3.25,3.2,6,0
16,17.0,Sawai Mansingh Stadium,Rajasthan Royals,2013-04-08,30.0,12.17,2,4.0,28,7.0,14,12,0
17,18.0,M Chinnaswamy Stadium,Royal Challengers Bangalore,2013-04-11,30.0,12.73,0,4.0,17,4.25,-,-,0
18,19.0,Eden Gardens,Sunrisers Hyderabad,2013-04-14,31.0,13.32,1,4.0,31,7.75,31,24,0
19,20.0,Punjab Cricket Association IS Bindra Stadium,Kings XI Punjab,2013-04-16,34.0,13.12,3,4.0,33,8.25,11,8,0
20,21.0,Eden Gardens,Chennai Super Kings,2013-04-20,35.0,13.31,1,4.0,20,5.0,20,24,0
21,22.0,Eden Gardens,Mumbai Indians,2013-04-24,38.0,12.71,3,4.0,17,4.25,5.7,8,0
22,23.0,Eden Gardens,Kings XI Punjab,2013-04-26,38.0,13.29,0,4.0,22,5.5,-,-,0
23,24.0,MA Chidambaram Stadium,Chennai Super Kings,2013-04-28,39.0,13.85,1,4.0,35,8.75,35,24,0
24,25.0,Shaheed Veer Narayan Sing International Stadium,Delhi Capitals,2013-05-01,39.0,14.21,0,4.0,14,3.5,-,-,0
25,26.0,Eden Gardens,Rajasthan Royals,2013-05-03,40.0,14.35,1,4.0,20,5.0,20,24,0
26,27.0,Wankhede Stadium,Mumbai Indians,2013-05-07,40.0,15.08,0,4.0,29,7.25,-,-,0
27,28.0,Maharashtra Cricket Association Stadium,Pune Warriors,2013-05-09,42.0,14.64,2,4.0,12,3.0,6,12,0
28,29.0,JSCA International Stadium Complex,Royal Challengers Bangalore,2013-05-12,46.0,13.85,4,4.0,22,5.5,5.5,6,0
29,30.0,JSCA International Stadium Complex,Pune Warriors,2013-05-15,46.0,14.41,0,4.0,26,6.5,-,-,0
30,31.0,Rajiv Gandhi International Stadium,Sunrisers Hyderabad,2013-05-19,46.0,14.65,0,4.0,11,2.75,-,-,0
31,32.0,Sheikh Zayed Stadium,Mumbai Indians,2014-04-16,50.0,13.88,4,4.0,20,5.0,5,6,0
32,33.0,Dubai International Cricket Stadium,Delhi Capitals,2014-04-19,51.0,13.96,1,4.0,18,4.5,18,24,0
33,34.0,Sharjah Cricket Stadium,Royal Challengers Bangalore,2014-04-24,52.0,14.02,1,4.0,17,4.25,17,24,0
34,35.0,Sheikh Zayed Stadium,Kings XI Punjab,2014-04-26,55.0,13.69,3,4.0,24,6.0,8,8,0
35,36.0,Sheikh Zayed Stadium,Rajasthan Royals,2014-04-29,55.0,14.2,0,4.0,28,7.0,-,-,0
36,37.0,JSCA International Stadium Complex,Chennai Super Kings,2014-05-02,55.0,14.67,0,4.0,26,6.5,-,-,0
37,38.0,Sardar Patel Stadium,Rajasthan Royals,2014-05-05,57.0,14.65,2,4.0,28,7.0,14,12,0
38,39.0,Arun Jaitley Stadium,Delhi Capitals,2014-05-07,58.0,15.05,1,4.0,38,9.5,38,24,0
39,40.0,Barabati Stadium,Kings XI Punjab,2014-05-11,59.0,15.31,1,4.0,30,7.5,30,24,0
40,41.0,Barabati Stadium,Mumbai Indians,2014-05-14,60.0,15.35,1,4.0,18,4.5,18,24,0
41,42.0,Rajiv Gandhi International Stadium,Sunrisers Hyderabad,2014-05-18,61.0,15.44,1,4.0,21,5.25,21,24,0
42,43.0,Eden Gardens,Chennai Super Kings,2014-05-20,62.0,15.58,1,4.0,24,6.0,24,24,0
43,44.0,Eden Gardens,Royal Challengers Bangalore,2014-05-22,66.0,14.94,4,4.0,20,5.0,5,6,0
44,45.0,Eden Gardens,Sunrisers Hyderabad,2014-05-24,66.0,15.23,0,4.0,19,4.75,-,-,0
45,46.0,Eden Gardens,Kings XI Punjab,2014-05-28,66.0,15.68,0,4.0,30,7.5,-,-,0
46,47.0,M Chinnaswamy Stadium,Kings XI Punjab,2014-06-01,67.0,16.13,1,4.0,46,11.5,46,24,0
47,48.0,Eden Gardens,Mumbai Indians,2015-04-08,67.0,16.55,0,4.0,28,7.0,-,-,0
48,49.0,Eden Gardens,Royal Challengers Bangalore,2015-04-11,67.0,16.94,0,4.0,26,6.5,-,-,0
49,50.0,Maharashtra Cricket Association Stadium,Kings XI Punjab,2015-04-18,68.0,16.94,1,4.0,17,4.25,17,24,0
50,51.0,Arun Jaitley Stadium,Delhi Capitals,2015-04-20,69.0,17.25,1,4.0,38,9.5,38,24,0
51,52.0,Dr YS Rajasekhara Reddy Cricket Stadium,Sunrisers Hyderabad,2015-04-22,69.0,17.8,0,4.0,38,9.5,-,-,0
52,53.0,Eden Gardens,Delhi Capitals,2015-05-07,69.0,18.23,0,4.0,30,7.5,-,-,0
53,54.0,Eden Gardens,Kings XI Punjab,2015-05-09,73.0,17.49,4,4.0,19,4.75,4.8,6,0
54,55.0,Wankhede Stadium,Mumbai Indians,2015-05-14,74.0,17.77,1,4.0,38,9.5,38,24,0
55,56.0,Rajiv Gandhi International Stadium,Sunrisers Hyderabad,2016-04-16,74.0,18.12,0,4.0,26,6.5,-,-,0
56,57.0,Punjab Cricket Association IS Bindra Stadium,Kings XI Punjab,2016-04-19,76.0,17.93,2,4.0,22,5.5,11,12,0
57,58.0,Maharashtra Cricket Association Stadium,Rising Pune Supergiant,2016-04-24,77.0,18.12,1,4.0,32,8.0,32,24,0
58,59.0,Wankhede Stadium,Mumbai Indians,2016-04-28,79.0,17.94,2,4.0,22,5.5,11,12,0
59,60.0,Arun Jaitley Stadium,Delhi Capitals,2016-04-30,80.0,17.99,1,3.0,22,7.33,22,18,0
60,61.0,M Chinnaswamy Stadium,Royal Challengers Bangalore,2016-05-02,80.0,18.55,0,4.0,45,11.25,-,-,0
61,62.0,Eden Gardens,Rising Pune Supergiant,2016-05-14,80.0,18.68,0,3.4,10,2.73,-,-,0
62,63.0,Eden Gardens,Royal Challengers Bangalore,2016-05-16,81.0,18.86,1,4.0,34,8.5,34,24,0
63,64.0,Green Park,Gujarat Lions,2016-05-19,82.0,19.0,1,4.0,30,7.5,30,24,0
64,65.0,Eden Gardens,Sunrisers Hyderabad,2016-05-22,85.0,18.64,3,4.0,26,6.5,8.7,8,0
65,66.0,Arun Jaitley Stadium,Sunrisers Hyderabad,2016-05-25,85.0,19.05,0,4.0,35,8.75,-,-,0
66,67.0,Saurashtra Cricket Association Stadium,Gujarat Lions,2017-04-07,85.0,19.44,0,4.0,33,8.25,-,-,0
67,68.0,Wankhede Stadium,Mumbai Indians,2017-04-09,86.0,19.47,1,4.0,22,5.5,22,24,0
68,69.0,Barabati Stadium,Kings XI Punjab,2017-04-13,87.0,19.46,1,4.0,19,4.75,19,24,0
69,70.0,Eden Gardens,Sunrisers Hyderabad,2017-04-15,88.0,19.44,1,4.0,18,4.5,18,24,0
70,71.0,Arun Jaitley Stadium,Delhi Capitals,2017-04-17,89.0,19.45,1,4.0,20,5.0,20,24,0
71,72.0,Eden Gardens,Gujarat Lions,2017-04-21,89.0,19.92,0,4.0,42,10.5,-,-,0
72,74.0,Maharashtra Cricket Association Stadium,Rising Pune Supergiant,2017-04-26,90.0,20.08,1,4.0,34,8.5,34,24,0
73,75.0,Eden Gardens,Delhi Capitals,2017-04-28,91.0,20.13,1,4.0,25,6.25,25,24,0
74,76.0,Rajiv Gandhi International Stadium,Sunrisers Hyderabad,2017-04-30,91.0,20.54,0,3.0,37,12.33,-,-,0
75,77.0,Eden Gardens,Rising Pune Supergiant,2017-05-03,92.0,20.62,1,4.0,28,7.0,28,24,0
76,78.0,M Chinnaswamy Stadium,Royal Challengers Bangalore,2017-05-07,94.0,20.49,2,4.0,29,7.25,14.5,12,0
77,79.0,Punjab Cricket Association IS Bindra Stadium,Kings XI Punjab,2017-05-09,95.0,20.56,1,4.0,27,6.75,27,24,0
78,80.0,Eden Gardens,Mumbai Indians,2017-05-13,95.0,20.95,0,4.0,37,9.25,-,-,0
79,81.0,M Chinnaswamy Stadium,Sunrisers Hyderabad,2017-05-17,95.0,21.16,0,4.0,20,5.0,-,-,0
80,82.0,M Chinnaswamy Stadium,Mumbai Indians,2017-05-19,95.0,21.38,0,4.0,21,5.25,-,-,0
81,83.0,Eden Gardens,Royal Challengers Bangalore,2018-04-08,96.0,21.47,1,4.0,30,7.5,30,24,0
82,84.0,MA Chidambaram Stadium,Chennai Super Kings,2018-04-10,97.0,21.42,1,4.0,17,4.25,17,24,0
83,85.0,Eden Gardens,Sunrisers Hyderabad,2018-04-14,99.0,21.16,2,4.0,17,4.25,8.5,12,0
84,86.0,Eden Gardens,Delhi Capitals,2018-04-16,102.0,20.72,3,3.0,18,6.0,6,6,0
85,87.0,Sawai Mansingh Stadium,Rajasthan Royals,2018-04-18,102.0,21.19,0,4.0,48,12.0,-,-,0
86,88.0,Eden Gardens,Kings XI Punjab,2018-04-21,103.0,21.2,1,3.0,23,7.67,23,18,0
87,89.0,Arun Jaitley Stadium,Delhi Capitals,2018-04-27,103.0,21.54,0,3.0,35,11.67,-,-,0
88,90.0,M Chinnaswamy Stadium,Royal Challengers Bangalore,2018-04-29,103.0,21.91,0,4.0,38,9.5,-,-,0
89,91.0,Eden Gardens,Chennai Super Kings,2018-05-03,105.0,21.69,2,4.0,20,5.0,10,12,0
90,92.0,Wankhede Stadium,Mumbai Indians,2018-05-06,107.0,21.61,2,4.0,35,8.75,17.5,12,0
91,93.0,Eden Gardens,Mumbai Indians,2018-05-09,108.0,21.66,1,4.0,27,6.75,27,24,0
92,94.0,Holkar Cricket Stadium,Kings XI Punjab,2018-05-12,109.0,21.86,1,4.0,44,11.0,44,24,0
93,95.0,Eden Gardens,Rajasthan Royals,2018-05-15,110.0,21.93,1,4.0,29,7.25,29,24,0
94,96.0,Rajiv Gandhi International Stadium,Sunrisers Hyderabad,2018-05-19,111.0,21.94,1,4.0,23,5.75,23,24,0
95,97.0,Eden Gardens,Rajasthan Royals,2018-05-23,111.0,22.29,0,4.0,39,9.75,-,-,0
96,98.0,Eden Gardens,Sunrisers Hyderabad,2018-05-25,112.0,22.3,1,4.0,24,6.0,24,24,0
97,99.0,Eden Gardens,Sunrisers Hyderabad,2019-03-24,112.0,22.56,0,3.0,29,9.67,-,-,0
98,100.0,Eden Gardens,Kings XI Punjab,2019-03-27,112.0,22.79,0,2.0,26,13.0,-,-,0
99,101.0,M Chinnaswamy Stadium,Royal Challengers Bangalore,2019-04-05,113.0,22.86,1,4.0,30,7.5,30,24,0
100,102.0,Sawai Mansingh Stadium,Rajasthan Royals,2019-04-07,113.0,23.05,0,4.0,22,5.5,-,-,0
101,103.0,MA Chidambaram Stadium,Chennai Super Kings,2019-04-09,115.0,22.86,2,3.2,24,7.2,12,10,0
102,104.0,Eden Gardens,Chennai Super Kings,2019-04-14,117.0,22.63,2,4.0,19,4.75,9.5,12,0
103,105.0,Eden Gardens,Royal Challengers Bangalore,2019-04-19,118.0,22.71,1,4.0,32,8.0,32,24,0
104,106.0,Rajiv Gandhi International Stadium,Sunrisers Hyderabad,2019-04-21,118.0,23.0,0,4.0,34,8.5,-,-,0
105,107.0,Eden Gardens,Rajasthan Royals,2019-04-25,120.0,22.83,2,4.0,25,6.25,12.5,12,0
106,108.0,Eden Gardens,Mumbai Indians,2019-04-28,122.0,22.81,2,4.0,44,11.0,22,12,0
107,109.0,Punjab Cricket Association IS Bindra Stadium,Kings XI Punjab,2019-05-03,122.0,23.05,0,4.0,29,7.25,-,-,0
108,110.0,Wankhede Stadium,Mumbai Indians,2019-05-05,122.0,23.32,0,4.0,33,8.25,-,-,0
