Match,Date,Vs,Venue,D/N*,How Dismissed,Out,Runs,Balls,S/R,,TotalRuns,Avg,S/R
1,2/5/2009,Chennai Super Kings,Wanderers Stadium,Yes,st M S Dhoni b S B Jakati,1,51,40,127.5,,51,51,127.5
2,5/5/2009,Kolkata Knight Riders,Kingsmead,Yes,c M C Henriques b A B Agarkar,1,36,23,156.52,,87,43.5,138.1
3,8/5/2009,Mumbai Indians,Buffalo Park,Yes,st P R Shah b J-P Duminy,1,21,30,70,,108,36,116.13
4,10/5/2009,Kolkata Knight Riders,Wanderers Stadium,Yes,c †M N van Wyk b I Sharma,1,36,23,156.52,,144,36,124.14
5,13/05/2009,Deccan Chargers,Kingsmead,Yes,c Y Venugopal Rao b W P U J C Vaas,1,4,6,66.67,,148,29.6,121.31
6,21/05/2009,Mumbai Indians,SuperSport Park,No,c Mohammad Ashraful b D S Kulkarni,1,15,9,166.67,,163,27.17,124.43
7,22/05/2009,Deccan Chargers,SuperSport Park,Yes,c H H Gibbs b R J Harris,1,0,1,0,,163,23.29,123.48
8,19/03/2010,Chennai Super Kings,Arun Jaitley Stadium,Yes,c M L Hayden b L Balaji,1,6,8,75,,169,21.13,120.71
9,21/03/2010,Deccan Chargers,Barabati Stadium,Yes,run out,1,57,33,172.73,,226,25.11,130.64
10,25/03/2010,Royal Challengers Bangalore,M Chinnaswamy Stadium,Yes,c R Vinay Kumar b D W Steyn,1,33,14,235.71,,259,25.9,138.5
11,29/03/2010,Kolkata Knight Riders,Arun Jaitley Stadium,Yes,not out,0,107,69,155.07,,366,36.6,142.97
12,31/03/2010,Rajasthan Royals,Arun Jaitley Stadium,Yes,b S Narwal,1,4,8,50,,370,33.64,140.15
13,4/4/2010,Royal Challengers Bangalore,Arun Jaitley Stadium,Yes,c V Kohli b A Kumble,1,33,22,150,,403,33.58,140.91
14,7/4/2010,Kolkata Knight Riders,Eden Gardens,Yes,b A B Dinda,1,0,5,0,,403,31,138.49
15,11/4/2010,Kings XI Punjab,Arun Jaitley Stadium,Yes,run out,1,6,11,54.55,,409,29.21,135.43
16,13/04/2010,Mumbai Indians,Brabourne Stadium,Yes,c A G Murtaza b C R D Fernando,1,31,15,206.67,,440,29.33,138.8
17,15/04/2010,Chennai Super Kings,MA Chidambaram Stadium,Yes,c M Vijay b R Ashwin,1,0,2,0,,440,27.5,137.93
18,18/04/2010,Deccan Chargers,Arun Jaitley Stadium,Yes,c R G Sharma b M R Marsh,1,5,4,125,,445,26.18,137.77
19,10/4/2011,Mumbai Indians,Arun Jaitley Stadium,Yes,b S L Malinga,1,1,3,33.33,,446,24.78,136.81
20,12/4/2011,Rajasthan Royals,Sawai Mansingh Stadium,Yes,c A S Raut b A Singh,1,54,44,122.73,,500,26.32,135.14
21,17/04/2011,Pune Warriors,Dr DY Patil Sports Academy,Yes,run out,1,46,28,164.29,,546,27.3,137.19
22,19/04/2011,Deccan Chargers,Arun Jaitley Stadium,Yes,c D B Ravi Teja b S Dhawan,1,51,48,106.25,,597,28.43,133.86
23,23/04/2011,Kings XI Punjab,Arun Jaitley Stadium,Yes,c R J Harris b P Kumar,1,77,48,160.42,,674,30.64,136.44
24,26/04/2011,Royal Challengers Bangalore,Arun Jaitley Stadium,Yes,b Z Khan,1,7,11,63.64,,681,29.61,134.85
25,28/04/2011,Kolkata Knight Riders,Arun Jaitley Stadium,Yes,b L Balaji,1,2,6,33.33,,683,28.46,133.66
26,30/04/2011,Kochi Tuskers Kerala,Nehru Stadium (Kochi),Yes,b S Sreesanth,1,3,7,42.86,,686,27.44,132.43
27,2/5/2011,Kochi Tuskers Kerala,Arun Jaitley Stadium,Yes,c R Vinay Kumar b S Sreesanth,1,13,15,86.67,,699,26.88,131.14
28,7/5/2011,Mumbai Indians,Wankhede Stadium,Yes,lbw b Harbhajan Singh,1,1,2,50,,700,25.93,130.84
29,12/5/2011,Chennai Super Kings,MA Chidambaram Stadium,Yes,c M Vijay b D J J Bravo,1,21,25,84,,721,25.75,128.75
30,15/05/2011,Kings XI Punjab,Himachal Pradesh Cricket Association Stadium,Yes,c †A C Gilchrist b S J Srivastava,1,29,29,100,,750,25.86,127.33
31,21/05/2011,Pune Warriors,Arun Jaitley Stadium,Yes,b J P Faulkner,1,19,10,190,,769,25.63,128.38
32,7/5/2012,Kolkata Knight Riders,Arun Jaitley Stadium,Yes,c †B B McCullum b J H Kallis,1,21,19,110.53,,790,25.48,127.83
33,10/5/2012,Deccan Chargers,Rajiv Gandhi International Stadium,Yes,not out,0,109,54,201.85,,899,29,133.78
34,12/5/2012,Chennai Super Kings,MA Chidambaram Stadium,Yes,c R Ashwin b B W Hilfenhaus,1,8,9,88.89,,907,28.34,133.19
35,15/05/2012,Kings XI Punjab,Arun Jaitley Stadium,Yes,c Azhar Mahmood b P Kumar,1,14,8,175,,921,27.91,133.67
36,17/05/2012,Royal Challengers Bangalore,Arun Jaitley Stadium,Yes,c R Vinay Kumar b Z Khan,1,15,9,166.67,,936,27.53,134.1
37,19/05/2012,Kings XI Punjab,Himachal Pradesh Cricket Association Stadium,Yes,c Mandeep Singh b R J Harris,1,79,44,179.55,,1015,29,136.79
38,22/05/2012,Kolkata Knight Riders,Maharashtra Cricket Association Stadium,Yes,c †B B McCullum b Shakib Al Hasan,1,7,6,116.67,,1022,28.39,136.63
39,25/05/2012,Chennai Super Kings,MA Chidambaram Stadium,Yes,c M Vijay b B W Hilfenhaus,1,3,7,42.86,,1025,27.7,135.76
40,3/4/2013,Kolkata Knight Riders,Eden Gardens,Yes,c J H Kallis b S P Narine,1,21,19,110.53,,1046,27.53,135.14
41,6/4/2013,Rajasthan Royals,Arun Jaitley Stadium,Yes,run out,1,77,56,137.5,,1123,28.79,135.3
42,9/4/2013,Mumbai Indians,Wankhede Stadium,Yes,c A T Rayudu b M G Johnson,1,61,37,164.86,,1184,29.6,136.56
43,12/4/2013,Sunrisers Hyderabad,Arun Jaitley Stadium,Yes,c A Rajan b D W Steyn,1,0,4,0,,1184,28.88,135.94
44,16/04/2013,Royal Challengers Bangalore,M Chinnaswamy Stadium,Yes,c & b R Vinay Kumar,1,15,13,115.38,,1199,28.55,135.63
45,18/04/2013,Chennai Super Kings,Arun Jaitley Stadium,Yes,b M M Sharma,1,1,4,25,,1200,27.91,135.14
46,21/04/2013,Mumbai Indians,Arun Jaitley Stadium,Yes,not out,0,7,5,140,,1207,28.07,135.16
47,23/04/2013,Kings XI Punjab,Arun Jaitley Stadium,Yes,b P Kumar,1,40,36,111.11,,1247,28.34,134.23
48,28/04/2013,Pune Warriors,Shaheed Veer Narayan Sing International Stadium,Yes,not out,0,51,25,204,,1298,29.5,136.06
49,1/5/2013,Kolkata Knight Riders,Shaheed Veer Narayan Sing International Stadium,Yes,not out,0,66,42,157.14,,1364,31,136.95
50,4/5/2013,Sunrisers Hyderabad,Rajiv Gandhi International Stadium,Yes,st P A Patel b A Mishra,1,8,15,53.33,,1372,30.49,135.71
51,7/5/2013,Rajasthan Royals,Sawai Mansingh Stadium,Yes,c Sachin Baby b S T R Binny,1,13,18,72.22,,1385,30.11,134.6
52,10/5/2013,Royal Challengers Bangalore,Arun Jaitley Stadium,Yes,b M C Henriques,1,4,6,66.67,,1389,29.55,134.2
53,14/05/2013,Chennai Super Kings,MA Chidambaram Stadium,Yes,c M Vijay b J A Morkel,1,44,37,118.92,,1433,29.85,133.68
54,16/05/2013,Kings XI Punjab,Himachal Pradesh Cricket Association Stadium,Yes,c S E Marsh b Sandeep Sharma,1,0,1,0,,1433,29.24,133.55
55,19/05/2013,Pune Warriors,Maharashtra Cricket Association Stadium,Yes,c †R V Uthappa b W D Parnell,1,2,5,40,,1435,28.7,133.12
56,18/04/2014,Rajasthan Royals,Sheikh Zayed Stadium,Yes,c K W Richardson b R Bhatia,1,32,35,91.43,,1467,28.76,131.81
57,22/04/2014,Kings XI Punjab,Sharjah Cricket Stadium,Yes,c G J Maxwell b L Balaji,1,8,12,66.67,,1475,28.37,131.11
58,25/04/2014,Delhi Capitals,Dubai International Cricket Stadium,No,not out,0,58,45,128.89,,1533,29.48,131.03
59,27/04/2014,Chennai Super Kings,Sharjah Cricket Stadium,Yes,lbw b B W Hilfenhaus,1,0,2,0,,1533,28.92,130.8
60,30/04/2014,Mumbai Indians,Dubai International Cricket Stadium,Yes,c †C M Gautam b C J Anderson,1,65,51,127.45,,1598,29.59,130.66
61,4/5/2014,Royal Challengers Bangalore,M Chinnaswamy Stadium,Yes,b M A Starc,1,61,49,124.49,,1659,30.16,130.42
62,8/5/2014,Rajasthan Royals,Sardar Patel Stadium,Yes,st S V Samson b P V Tambe,1,6,7,85.71,,1665,29.73,130.18
63,10/5/2014,Delhi Capitals,Arun Jaitley Stadium,Yes,not out,0,12,9,133.33,,1677,29.95,130.2
64,12/5/2014,Mumbai Indians,Rajiv Gandhi International Stadium,Yes,not out,0,55,31,177.42,,1732,30.93,131.31
65,14/05/2014,Kings XI Punjab,Rajiv Gandhi International Stadium,Yes,run out,1,44,23,191.3,,1776,31.16,132.34
66,18/05/2014,Kolkata Knight Riders,Rajiv Gandhi International Stadium,No,c Y K Pathan b U T Yadav,1,34,18,188.89,,1810,31.21,133.09
67,20/05/2014,Royal Challengers Bangalore,Rajiv Gandhi International Stadium,Yes,c Yuvraj Singh b V R Aaron,1,59,46,128.26,,1869,31.68,132.93
68,22/05/2014,Chennai Super Kings,JSCA International Stadium Complex,Yes,b J W Hastings,1,90,45,200,,1959,32.65,135.01
69,24/05/2014,Kolkata Knight Riders,Eden Gardens,Yes,b M Morkel,1,4,2,200,,1963,32.18,135.1
70,11/4/2015,Chennai Super Kings,MA Chidambaram Stadium,Yes,c D R Smith b I C Pandey,1,53,42,126.19,,2016,32.52,134.85
71,13/04/2015,Royal Challengers Bangalore,M Chinnaswamy Stadium,Yes,lbw b Y S Chahal,1,57,27,211.11,,2073,32.9,136.2
72,16/04/2015,Rajasthan Royals,Dr YS Rajasekhara Reddy Cricket Stadium,Yes,run out,1,21,14,150,,2094,32.72,136.33
73,18/04/2015,Delhi Capitals,Dr YS Rajasekhara Reddy Cricket Stadium,Yes,c & b J-P Duminy,1,28,20,140,,2122,32.65,136.38
74,22/04/2015,Kolkata Knight Riders,Dr YS Rajasekhara Reddy Cricket Stadium,Yes,c †R V Uthappa b M Morkel,1,91,55,165.45,,2213,33.53,137.37
75,25/04/2015,Mumbai Indians,Wankhede Stadium,Yes,c A T Rayudu b S L Malinga,1,9,7,128.57,,2222,33.16,137.33
76,27/04/2015,Kings XI Punjab,Punjab Cricket Association IS Bindra Stadium,Yes,c D A Miller b A R Patel,1,58,41,141.46,,2280,33.53,137.43
77,2/5/2015,Chennai Super Kings,Rajiv Gandhi International Stadium,Yes,c D R Smith b S K Raina,1,61,28,217.86,,2341,33.93,138.77
78,4/5/2015,Kolkata Knight Riders,Eden Gardens,Yes,b U T Yadav,1,4,3,133.33,,2345,33.5,138.76
79,7/5/2015,Rajasthan Royals,Brabourne Stadium,Yes,c †S V Samson b S R Watson,1,24,18,133.33,,2369,33.37,138.7
80,9/5/2015,Delhi Capitals,Shaheed Veer Narayan Sing International Stadium,Yes,c S S Tiwary b N M Coulter-Nile,1,17,15,113.33,,2386,33.14,138.48
81,11/5/2015,Kings XI Punjab,Rajiv Gandhi International Stadium,No,c Gurkeerat Singh b B E Hendricks,1,81,52,155.77,,2467,33.79,138.99
82,15/05/2015,Royal Challengers Bangalore,Rajiv Gandhi International Stadium,Yes,not out,0,52,32,162.5,,2519,34.51,139.4
83,17/05/2015,Mumbai Indians,Rajiv Gandhi International Stadium,Yes,c K A Pollard b M J McClenaghan,1,6,5,120,,2525,34.12,139.35
84,12/4/2016,Royal Challengers Bangalore,M Chinnaswamy Stadium,Yes,c A F Milne b S R Watson,1,58,25,232,,2583,34.44,140.61
85,16/04/2016,Kolkata Knight Riders,Rajiv Gandhi International Stadium,Yes,c S A Yadav b U T Yadav,1,13,12,108.33,,2596,34.16,140.4
86,18/04/2016,Mumbai Indians,Rajiv Gandhi International Stadium,Yes,not out,0,90,59,152.54,,2686,35.34,140.78
87,21/04/2016,Gujarat Lions,Saurashtra Cricket Association Stadium,Yes,not out,0,74,48,154.17,,2760,36.32,141.1
88,23/04/2016,Kings XI Punjab,Rajiv Gandhi International Stadium,Yes,c D A Miller b Sandeep Sharma,1,59,31,190.32,,2819,36.61,141.87
89,26/04/2016,Rising Pune Supergiant,Rajiv Gandhi International Stadium,Yes,c A M Rahane b A B Dinda,1,0,4,0,,2819,36.14,141.59
90,30/04/2016,Royal Challengers Bangalore,Rajiv Gandhi International Stadium,Yes,c A B de Villiers b T Shamsi,1,92,50,184,,2911,36.85,142.63
91,6/5/2016,Gujarat Lions,Rajiv Gandhi International Stadium,Yes,c P Kumar b D S Kulkarni,1,24,17,141.18,,2935,36.69,142.61
92,8/5/2016,Mumbai Indians,Dr YS Rajasekhara Reddy Cricket Stadium,Yes,c K A Pollard b Harbhajan Singh,1,48,33,145.45,,2983,36.83,142.66
93,10/5/2016,Rising Pune Supergiant,Dr YS Rajasekhara Reddy Cricket Stadium,Yes,c †M S Dhoni b R P Singh,1,11,14,78.57,,2994,36.51,142.23
94,12/5/2016,Delhi Capitals,Rajiv Gandhi International Stadium,Yes,b J Yadav,1,46,30,153.33,,3040,36.63,142.39
95,15/05/2016,Kings XI Punjab,Punjab Cricket Association IS Bindra Stadium,Yes,hit wicket b A R Patel,1,52,41,126.83,,3092,36.81,142.1
96,20/05/2016,Delhi Capitals,Shaheed Veer Narayan Sing International Stadium,Yes,c A Mishra b C R Brathwaite,1,73,56,130.36,,3165,37.24,141.8
97,22/05/2016,Kolkata Knight Riders,Eden Gardens,Yes,b S P Narine,1,18,16,112.5,,3183,37.01,141.59
98,25/05/2016,Kolkata Knight Riders,Arun Jaitley Stadium,Yes,b Kuldeep Yadav,1,28,28,100,,3211,36.91,141.08
99,27/05/2016,Gujarat Lions,Arun Jaitley Stadium,No,not out,0,93,58,160.34,,3304,37.98,141.56
100,29/05/2016,Royal Challengers Bangalore,M Chinnaswamy Stadium,Yes,c Iqbal Abdulla b S Aravind,1,69,38,181.58,,3373,38.33,142.2
101,5/4/2017,Royal Challengers Bangalore,Rajiv Gandhi International Stadium,Yes,c Mandeep Singh b A V Choudhary,1,14,8,175,,3387,38.06,142.31
102,9/4/2017,Gujarat Lions,Rajiv Gandhi International Stadium,Yes,not out,0,76,45,168.89,,3463,38.91,142.8
103,12/4/2017,Mumbai Indians,Wankhede Stadium,Yes,c †P A Patel b Harbhajan Singh,1,49,34,144.12,,3512,39.02,142.82
104,15/04/2017,Kolkata Knight Riders,Eden Gardens,Yes,c C R Woakes b Kuldeep Yadav,1,26,30,86.67,,3538,38.88,142.15
105,17/04/2017,Kings XI Punjab,Rajiv Gandhi International Stadium,Yes,not out,0,70,54,129.63,,3608,39.65,141.88
106,19/04/2017,Delhi Capitals,Rajiv Gandhi International Stadium,No,c A Mishra b C H Morris,1,4,7,57.14,,3612,39.26,141.65
107,22/04/2017,Rising Pune Supergiant,Maharashtra Cricket Association Stadium,Yes,b J D Unadkat,1,43,40,107.5,,3655,39.3,141.12
108,28/04/2017,Kings XI Punjab,Punjab Cricket Association IS Bindra Stadium,Yes,b G J Maxwell,1,51,27,188.89,,3706,39.43,141.61
109,30/04/2017,Kolkata Knight Riders,Rajiv Gandhi International Stadium,Yes,c G Gambhir b C R Woakes,1,126,59,213.56,,3832,40.34,143.2
110,2/5/2017,Delhi Capitals,Arun Jaitley Stadium,Yes,b Mohammed Shami,1,30,21,142.86,,3862,40.23,143.2
111,6/5/2017,Rising Pune Supergiant,Rajiv Gandhi International Stadium,Yes,c S N Thakur b B A Stokes,1,40,34,117.65,,3902,40.23,142.88
112,8/5/2017,Mumbai Indians,Rajiv Gandhi International Stadium,Yes,lbw b M J McClenaghan,1,6,6,100,,3908,39.88,142.78
113,13/05/2017,Gujarat Lions,Green Park,Yes,not out,0,69,52,132.69,,3977,40.58,142.6
114,17/05/2017,Kolkata Knight Riders,M Chinnaswamy Stadium,Yes,b P P Chawla,1,37,35,105.71,,4014,40.55,142.14
115,24/03/2019,Kolkata Knight Riders,Eden Gardens,Yes,c R V Uthappa b A D Russell,1,85,53,160.38,,4099,40.99,142.47
116,29/03/2019,Rajasthan Royals,Rajiv Gandhi International Stadium,Yes,c D S Kulkarni b B A Stokes,1,69,37,186.49,,4168,41.27,143.03
117,31/03/2019,Royal Challengers Bangalore,Rajiv Gandhi International Stadium,Yes,not out,0,100,55,181.82,,4268,42.26,143.75
118,4/4/2019,Delhi Capitals,Arun Jaitley Stadium,Yes,c C H Morris b K Rabada,1,10,18,55.56,,4278,41.94,143.22
119,6/4/2019,Mumbai Indians,Rajiv Gandhi International Stadium,Yes,b A S Joseph,1,15,13,115.38,,4293,41.68,143.1
120,8/4/2019,Kings XI Punjab,Punjab Cricket Association IS Bindra Stadium,Yes,not out,0,70,62,112.9,,4363,42.36,142.49
121,14/04/2019,Delhi Capitals,Rajiv Gandhi International Stadium,No,c S S Iyer b K Rabada,1,51,47,108.51,,4414,42.44,141.97
122,17/04/2019,Chennai Super Kings,Rajiv Gandhi International Stadium,Yes,c F du Plessis b D L Chahar,1,50,25,200,,4464,42.51,142.44
123,21/04/2019,Kolkata Knight Riders,Rajiv Gandhi International Stadium,Yes,b Y Prithvi Raj,1,67,38,176.32,,4531,42.75,142.84
124,23/04/2019,Chennai Super Kings,MA Chidambaram Stadium,Yes,st M S Dhoni b Harbhajan Singh,1,57,45,126.67,,4588,42.88,142.62
125,27/04/2019,Rajasthan Royals,Sawai Mansingh Stadium,Yes,c S P D Smith b O R Thomas,1,37,32,115.63,,4625,42.82,142.35
126,29/04/2019,Kings XI Punjab,Rajiv Gandhi International Stadium,No,c Mujeeb Ur Rahman b R Ashwin,1,81,56,144.64,,4706,43.17,142.39
