Match,Date,Vs,Venue,D/N*,How Dismissed,Out,Runs,Balls,S/R,,TotalRuns,Avg,S/R
1,20/04/2008,Kolkata Knight Riders,Eden Gardens,Yes,c †W P Saha b M Kartik,1,0,3,0,,0,0,0
2,22/04/2008,Delhi Capitals,Rajiv Gandhi International Stadium,Yes,c G D McGrath b R Bhatia,1,66,36,183.33,,66,33,169.23
3,24/04/2008,Rajasthan Royals,Rajiv Gandhi International Stadium,Yes,c D Salunkhe b S K Warne,1,36,30,120,,102,34,147.83
4,1/5/2008,Kings XI Punjab,Rajiv Gandhi International Stadium,Yes,not out,0,76,42,180.95,,178,59.33,160.36
5,3/5/2008,Royal Challengers Bangalore,M Chinnaswamy Stadium,Yes,c W Jaffer b J H Kallis,1,57,42,135.71,,235,58.75,153.59
6,6/5/2008,Chennai Super Kings,MA Chidambaram Stadium,Yes,c S Badrinath b M Muralitharan,1,23,17,135.29,,258,51.6,151.76
7,9/5/2008,Rajasthan Royals,Sawai Mansingh Stadium,Yes,run out,1,5,8,62.5,,263,43.83,147.75
8,11/5/2008,Kolkata Knight Riders,Rajiv Gandhi International Stadium,Yes,c S C Ganguly b A B Dinda,1,33,24,137.5,,296,42.29,146.53
9,15/05/2008,Delhi Capitals,Arun Jaitley Stadium,Yes,b M F Maharoof,1,35,18,194.44,,331,41.38,150.45
10,18/05/2008,Mumbai Indians,Rajiv Gandhi International Stadium,Yes,lbw b C R D Fernando,1,6,10,60,,337,37.44,146.52
11,23/05/2008,Kings XI Punjab,Punjab Cricket Association IS Bindra Stadium,Yes,b V R Singh,1,50,27,185.19,,387,38.7,150.58
12,25/05/2008,Royal Challengers Bangalore,Rajiv Gandhi International Stadium,Yes,c D W Steyn b R Vinay Kumar,1,17,16,106.25,,404,36.73,147.99
13,19/04/2009,Kolkata Knight Riders,Newlands,Yes,not out,0,36,32,112.5,,440,40,144.26
14,22/04/2009,Royal Challengers Bangalore,Newlands,Yes,c K P Pietersen b D W Steyn,1,52,30,173.33,,492,41,146.87
15,25/04/2009,Mumbai Indians,Kingsmead,No,c S Dhawan b D J J Bravo,1,3,5,60,,495,38.08,145.59
16,27/04/2009,Chennai Super Kings,Kingsmead,No,c †M S Dhoni b L Balaji,1,18,19,94.74,,513,36.64,142.9
17,30/04/2009,Delhi Capitals,SuperSport Park,No,c M Manhas b A Mishra,1,17,20,85,,530,35.33,139.84
18,2/5/2009,Rajasthan Royals,St George's Park,No,c S K Warne b S K Trivedi,1,38,32,118.75,,568,35.5,138.2
19,4/5/2009,Chennai Super Kings,Buffalo Park,Yes,c S Badrinath b S B Jakati,1,21,20,105,,589,34.65,136.66
20,6/5/2009,Mumbai Indians,SuperSport Park,Yes,c D J J Bravo b S L Malinga,1,38,36,105.56,,627,34.83,134.26
21,9/5/2009,Kings XI Punjab,Diamond Oval,No,c †K C Sangakkara b B Lee,1,9,15,60,,636,33.47,131.95
22,11/5/2009,Rajasthan Royals,Diamond Oval,Yes,st N V Ojha b R A Jadeja,1,9,14,64.29,,645,32.25,130.04
23,13/05/2009,Delhi Capitals,Kingsmead,Yes,c D A Warner b P J Sangwan,1,6,7,85.71,,651,31,129.42
24,16/05/2009,Kolkata Knight Riders,Wanderers Stadium,Yes,not out,0,32,13,246.15,,683,32.52,132.36
25,17/05/2009,Kings XI Punjab,Wanderers Stadium,No,b I K Pathan,1,42,26,161.54,,725,32.95,133.76
26,21/05/2009,Royal Challengers Bangalore,SuperSport Park,Yes,c V Kohli b A Kumble,1,12,12,100,,737,32.04,133.03
27,22/05/2009,Delhi Capitals,SuperSport Park,Yes,not out,0,5,11,45.45,,742,32.26,131.33
28,24/05/2009,Royal Challengers Bangalore,Wanderers Stadium,Yes,c M K Pandey b A Kumble,1,24,23,104.35,,766,31.92,130.27
29,12/3/2010,Kolkata Knight Riders,Dr DY Patil Sports Academy,Yes,c B J Hodge b A D Mathews,1,13,12,108.33,,779,31.16,129.83
30,14/03/2010,Chennai Super Kings,MA Chidambaram Stadium,Yes,not out,0,19,10,190,,798,31.92,130.82
31,19/03/2010,Kings XI Punjab,Barabati Stadium,Yes,run out,1,1,2,50,,799,30.73,130.56
32,21/03/2010,Delhi Capitals,Barabati Stadium,Yes,c A B de Villiers b D P Nannes,1,45,30,150,,844,31.26,131.46
33,26/03/2010,Rajasthan Royals,Sardar Patel Stadium,Yes,c M J Lumb b S W Tait,1,49,35,140,,893,31.89,131.91
34,28/03/2010,Mumbai Indians,Dr DY Patil Sports Academy,Yes,b Z Khan,1,45,28,160.71,,938,32.34,133.05
35,1/4/2010,Kolkata Knight Riders,Eden Gardens,Yes,b M Kartik,1,2,6,33.33,,940,31.33,132.21
36,3/4/2010,Mumbai Indians,Brabourne Stadium,Yes,c & b K A Pollard,1,11,13,84.62,,951,30.68,131.35
37,5/4/2010,Rajasthan Royals,Vidarbha Cricket Association Stadium,Yes,c A S Raut b S K Trivedi,1,73,44,165.91,,1024,32,133.33
38,8/4/2010,Royal Challengers Bangalore,M Chinnaswamy Stadium,Yes,c D W Steyn b R Vinay Kumar,1,6,5,120,,1030,31.21,133.25
39,10/4/2010,Chennai Super Kings,Vidarbha Cricket Association Stadium,Yes,c S Tyagi b S K Raina,1,8,15,53.33,,1038,30.53,131.73
40,12/4/2010,Royal Challengers Bangalore,Vidarbha Cricket Association Stadium,Yes,c M K Pandey b R Vinay Kumar,1,51,46,110.87,,1089,31.11,130.58
41,16/04/2010,Kings XI Punjab,Himachal Pradesh Cricket Association Stadium,Yes,not out,0,68,38,178.95,,1157,33.06,132.68
42,18/04/2010,Delhi Capitals,Arun Jaitley Stadium,Yes,c †K D Karthik b U T Yadav,1,11,9,122.22,,1168,32.44,132.58
43,22/04/2010,Chennai Super Kings,Dr DY Patil Sports Academy,Yes,c M Muralitharan b J A Morkel,1,2,5,40,,1170,31.62,132.05
44,24/04/2010,Royal Challengers Bangalore,Dr DY Patil Sports Academy,Yes,c K P Pietersen b P Kumar,1,0,4,0,,1170,30.79,131.46
45,10/4/2011,Delhi Capitals,Arun Jaitley Stadium,Yes,not out,0,27,30,90,,1197,31.5,130.11
46,20/04/2011,Pune Warriors,Wankhede Stadium,Yes,not out,0,20,18,111.11,,1217,32.03,129.74
47,22/04/2011,Chennai Super Kings,Wankhede Stadium,Yes,c M E K Hussey b D E Bollinger,1,87,48,181.25,,1304,33.44,132.25
48,24/04/2011,Deccan Chargers,Rajiv Gandhi International Stadium,Yes,not out,0,56,34,164.71,,1360,34.87,133.33
49,29/04/2011,Rajasthan Royals,Sawai Mansingh Stadium,Yes,c J Botha b S K Warne,1,13,22,59.09,,1373,34.33,131.77
50,2/5/2011,Kings XI Punjab,Wankhede Stadium,Yes,c D J Hussey b R J Harris,1,18,11,163.64,,1391,33.93,132.1
51,4/5/2011,Pune Warriors,Dr DY Patil Sports Academy,Yes,c M K Pandey b R Sharma,1,12,20,60,,1403,33.4,130.75
52,7/5/2011,Delhi Capitals,Wankhede Stadium,Yes,c Y Venugopal Rao b M Morkel,1,49,32,153.13,,1452,33.77,131.4
53,10/5/2011,Kings XI Punjab,Punjab Cricket Association IS Bindra Stadium,Yes,st A C Gilchrist b Bipul Sharma,1,5,5,100,,1457,33.11,131.26
54,14/05/2011,Deccan Chargers,Wankhede Stadium,Yes,c †K C Sangakkara b I Sharma,1,4,6,66.67,,1461,32.47,130.91
55,20/05/2011,Rajasthan Royals,Wankhede Stadium,Yes,st P R Shah b S K Warne,1,58,47,123.4,,1519,33.02,130.61
56,22/05/2011,Kolkata Knight Riders,Eden Gardens,Yes,c †S P Goswami b R Bhatia,1,10,9,111.11,,1529,32.53,130.46
57,25/05/2011,Kolkata Knight Riders,Wankhede Stadium,Yes,run out,1,0,0,-,,1529,31.85,130.46
58,27/05/2011,Royal Challengers Bangalore,MA Chidambaram Stadium,Yes,c L A Pommersbach b D L Vettori,1,13,15,86.67,,1542,31.47,129.91
59,4/4/2012,Chennai Super Kings,MA Chidambaram Stadium,Yes,c †M S Dhoni b D E Bollinger,1,0,3,0,,1542,30.84,129.58
60,6/4/2012,Pune Warriors,Wankhede Stadium,Yes,c †R V Uthappa b A B Dinda,1,1,6,16.67,,1543,30.25,129.01
61,9/4/2012,Deccan Chargers,Dr YS Rajasekhara Reddy Cricket Stadium,Yes,not out,0,73,50,146,,1616,31.69,129.7
62,11/4/2012,Rajasthan Royals,Wankhede Stadium,Yes,b G B Hogg,1,21,13,161.54,,1637,31.48,130.02
63,16/04/2012,Delhi Capitals,Wankhede Stadium,Yes,c L R P L Taylor b A B Agarkar,1,29,27,107.41,,1666,31.43,129.55
64,22/04/2012,Kings XI Punjab,Wankhede Stadium,Yes,c †N Saini b P Awana,1,2,5,40,,1668,30.89,129.2
65,25/04/2012,Kings XI Punjab,Punjab Cricket Association IS Bindra Stadium,Yes,c Azhar Mahmood b P Awana,1,50,30,166.67,,1718,31.24,130.05
66,27/04/2012,Delhi Capitals,Arun Jaitley Stadium,Yes,c A B Agarkar b I K Pathan,1,12,6,200,,1730,30.89,130.37
67,29/04/2012,Deccan Chargers,Wankhede Stadium,Yes,c I R Jaggi b J-P Duminy,1,42,48,87.5,,1772,31.09,128.87
68,3/5/2012,Pune Warriors,Maharashtra Cricket Association Stadium,Yes,run out,1,3,5,60,,1775,30.6,128.62
69,6/5/2012,Chennai Super Kings,Wankhede Stadium,Yes,b S B Jakati,1,60,46,130.43,,1835,31.1,128.68
70,9/5/2012,Royal Challengers Bangalore,Wankhede Stadium,Yes,lbw b R Vinay Kumar,1,0,3,0,,1835,30.58,128.41
71,12/5/2012,Kolkata Knight Riders,Eden Gardens,Yes,not out,0,109,60,181.67,,1944,32.4,130.56
72,14/05/2012,Royal Challengers Bangalore,M Chinnaswamy Stadium,Yes,c & b R Vinay Kumar,1,5,7,71.43,,1949,31.95,130.28
73,16/05/2012,Kolkata Knight Riders,Wankhede Stadium,Yes,c †B B McCullum b S P Narine,1,12,14,85.71,,1961,31.63,129.87
74,23/05/2012,Chennai Super Kings,M Chinnaswamy Stadium,Yes,c †M S Dhoni b J A Morkel,1,14,19,73.68,,1975,31.35,129.17
75,4/4/2013,Royal Challengers Bangalore,M Chinnaswamy Stadium,Yes,b R Vinay Kumar,1,11,11,100,,1986,31.03,128.96
76,6/4/2013,Chennai Super Kings,MA Chidambaram Stadium,Yes,c †M S Dhoni b D J J Bravo,1,8,10,80,,1994,30.68,128.65
77,9/4/2013,Delhi Capitals,Wankhede Stadium,Yes,not out,0,74,50,148,,2068,31.82,129.25
78,13/04/2013,Pune Warriors,Wankhede Stadium,Yes,not out,0,62,32,193.75,,2130,32.77,130.51
79,17/04/2013,Rajasthan Royals,Sawai Mansingh Stadium,Yes,c S R Watson b S K Trivedi,1,2,7,28.57,,2132,32.3,130.08
80,21/04/2013,Delhi Capitals,Arun Jaitley Stadium,Yes,c A D Russell b U T Yadav,1,73,43,169.77,,2205,32.91,131.09
81,24/04/2013,Kolkata Knight Riders,Eden Gardens,Yes,c & b S P Narine,1,34,28,121.43,,2239,32.93,130.94
82,27/04/2013,Royal Challengers Bangalore,Wankhede Stadium,Yes,run out,1,10,8,125,,2249,32.59,130.91
83,29/04/2013,Kings XI Punjab,Wankhede Stadium,Yes,not out,0,79,39,202.56,,2328,33.74,132.5
84,1/5/2013,Sunrisers Hyderabad,Rajiv Gandhi International Stadium,Yes,c I Sharma b A Mishra,1,22,22,100,,2350,33.57,132.1
85,5/5/2013,Chennai Super Kings,Wankhede Stadium,Yes,not out,0,39,30,130,,2389,34.13,132.06
86,7/5/2013,Kolkata Knight Riders,Wankhede Stadium,No,c E J G Morgan b R McLaren,1,16,11,145.45,,2405,33.87,132.14
87,11/5/2013,Pune Warriors,Maharashtra Cricket Association Stadium,Yes,c A B Dinda b K W Richardson,1,37,41,90.24,,2442,33.92,131.22
88,13/05/2013,Sunrisers Hyderabad,Wankhede Stadium,Yes,not out,0,20,15,133.33,,2462,34.19,131.24
89,15/05/2013,Rajasthan Royals,Wankhede Stadium,Yes,c S R Watson b J P Faulkner,1,14,9,155.56,,2476,33.92,131.35
90,18/05/2013,Kings XI Punjab,Himachal Pradesh Cricket Association Stadium,Yes,b P P Chawla,1,25,25,100,,2501,33.8,130.94
91,21/05/2013,Chennai Super Kings,Arun Jaitley Stadium,Yes,c D J J Bravo b C H Morris,1,8,15,53.33,,2509,33.45,130.34
92,24/05/2013,Rajasthan Royals,Eden Gardens,Yes,b S K Trivedi,1,2,8,25,,2511,33.04,129.9
93,26/05/2013,Chennai Super Kings,Eden Gardens,Yes,c & b J A Morkel,1,2,5,40,,2513,32.64,129.67
94,16/04/2014,Kolkata Knight Riders,Sheikh Zayed Stadium,No,c J H Kallis b M Morkel,1,27,20,135,,2540,32.56,129.72
95,19/04/2014,Royal Challengers Bangalore,Dubai International Cricket Stadium,No,c A B de Villiers b Y S Chahal,1,2,5,40,,2542,32.18,129.5
96,25/04/2014,Chennai Super Kings,Dubai International Cricket Stadium,Yes,c D R Smith b B W Hilfenhaus,1,50,41,121.95,,2592,32.4,129.34
97,27/04/2014,Delhi Capitals,Sharjah Cricket Stadium,No,run out,1,4,5,80,,2596,32.05,129.22
98,30/04/2014,Sunrisers Hyderabad,Dubai International Cricket Stadium,Yes,b B Kumar,1,1,5,20,,2597,31.67,128.95
99,3/5/2014,Kings XI Punjab,Wankhede Stadium,Yes,c †W P Saha b L Balaji,1,39,34,114.71,,2636,31.76,128.71
100,6/5/2014,Royal Challengers Bangalore,Wankhede Stadium,Yes,not out,0,59,35,168.57,,2695,32.47,129.38
101,10/5/2014,Chennai Super Kings,Wankhede Stadium,Yes,c S K Raina b R Ashwin,1,19,19,100,,2714,32.31,129.12
102,12/5/2014,Sunrisers Hyderabad,Rajiv Gandhi International Stadium,Yes,not out,0,14,6,233.33,,2728,32.48,129.41
103,14/05/2014,Kolkata Knight Riders,Barabati Stadium,Yes,b S P Narine,1,51,45,113.33,,2779,32.69,129.08
104,19/05/2014,Rajasthan Royals,Sardar Patel Stadium,Yes,run out,1,40,19,210.53,,2819,32.78,129.79
105,21/05/2014,Kings XI Punjab,Punjab Cricket Association IS Bindra Stadium,Yes,c Sandeep Sharma b B E Hendricks,1,18,20,90,,2837,32.61,129.43
106,23/05/2014,Delhi Capitals,Wankhede Stadium,Yes,b J D Unadkat,1,30,21,142.86,,2867,32.58,129.55
107,25/05/2014,Rajasthan Royals,Wankhede Stadium,Yes,c K K Nair b D S Kulkarni,1,16,11,145.45,,2883,32.39,129.63
108,28/05/2014,Chennai Super Kings,Brabourne Stadium,Yes,c B B McCullum b M M Sharma,1,20,16,125,,2903,32.26,129.6
109,8/4/2015,Kolkata Knight Riders,Eden Gardens,Yes,not out,0,98,65,150.77,,3001,33.34,130.2
110,12/4/2015,Kings XI Punjab,Wankhede Stadium,Yes,lbw b Sandeep Sharma,1,0,2,0,,3001,32.98,130.08
111,14/04/2015,Rajasthan Royals,Sardar Patel Stadium,Yes,c S P D Smith b S T R Binny,1,0,5,0,,3001,32.62,129.8
112,17/04/2015,Chennai Super Kings,Wankhede Stadium,Yes,c D J J Bravo b A Nehra,1,50,31,161.29,,3051,32.81,130.22
113,19/04/2015,Royal Challengers Bangalore,M Chinnaswamy Stadium,Yes,c & b D Wiese,1,42,15,280,,3093,32.9,131.17
114,23/04/2015,Delhi Capitals,Arun Jaitley Stadium,Yes,c S Nadeem b N M Coulter-Nile,1,30,24,125,,3123,32.87,131.11
115,25/04/2015,Sunrisers Hyderabad,Wankhede Stadium,Yes,c B Kumar b K V Sharma,1,24,15,160,,3147,32.78,131.29
116,1/5/2015,Rajasthan Royals,Wankhede Stadium,Yes,c Ankit Sharma b D S Kulkarni,1,27,21,128.57,,3174,32.72,131.27
117,3/5/2015,Kings XI Punjab,Punjab Cricket Association IS Bindra Stadium,Yes,c Anureet Singh b M G Johnson,1,26,20,130,,3200,32.65,131.26
118,5/5/2015,Delhi Capitals,Wankhede Stadium,Yes,b A Mishra,1,46,37,124.32,,3246,32.79,131.15
119,8/5/2015,Chennai Super Kings,MA Chidambaram Stadium,Yes,c S K Raina b D J J Bravo,1,18,22,81.82,,3264,32.64,130.72
120,10/5/2015,Royal Challengers Bangalore,Wankhede Stadium,Yes,c Mandeep Singh b H V Patel,1,15,13,115.38,,3279,32.47,130.64
121,14/05/2015,Kolkata Knight Riders,Wankhede Stadium,Yes,b S P Narine,1,30,21,142.86,,3309,32.44,130.74
122,17/05/2015,Sunrisers Hyderabad,Rajiv Gandhi International Stadium,Yes,not out,0,7,2,350,,3316,32.51,130.91
123,19/05/2015,Chennai Super Kings,Wankhede Stadium,Yes,c R A Jadeja b D J J Bravo,1,19,14,135.71,,3335,32.38,130.94
124,24/05/2015,Chennai Super Kings,Eden Gardens,Yes,c R A Jadeja b D J J Bravo,1,50,26,192.31,,3385,32.55,131.56
125,9/4/2016,Rising Pune Supergiant,Wankhede Stadium,Yes,lbw b I Sharma,1,7,5,140,,3392,32.3,131.57
126,13/04/2016,Kolkata Knight Riders,Eden Gardens,Yes,not out,0,84,54,155.56,,3476,33.1,132.07
127,16/04/2016,Gujarat Lions,Wankhede Stadium,Yes,c S B Jakati b D S Kulkarni,1,7,9,77.78,,3483,32.86,131.88
128,18/04/2016,Sunrisers Hyderabad,Rajiv Gandhi International Stadium,Yes,run out,1,5,8,62.5,,3488,32.6,131.67
129,20/04/2016,Royal Challengers Bangalore,Barabati Stadium,Yes,c A B de Villiers b Iqbal Abdulla,1,62,44,140.91,,3550,32.87,131.82
130,23/04/2016,Delhi Capitals,Arun Jaitley Stadium,Yes,run out,1,65,48,135.42,,3615,33.17,131.89
131,25/04/2016,Kings XI Punjab,Punjab Cricket Association IS Bindra Stadium,Yes,c †N S Naik b Sandeep Sharma,1,0,2,0,,3615,32.86,131.79
132,28/04/2016,Kolkata Knight Riders,Wankhede Stadium,Yes,not out,0,68,49,138.78,,3683,33.48,131.91
133,1/5/2016,Rising Pune Supergiant,Maharashtra Cricket Association Stadium,Yes,not out,0,85,60,141.67,,3768,34.25,132.12
134,8/5/2016,Sunrisers Hyderabad,Dr YS Rajasekhara Reddy Cricket Stadium,Yes,b A Nehra,1,5,3,166.67,,3773,33.99,132.15
135,11/5/2016,Royal Challengers Bangalore,M Chinnaswamy Stadium,Yes,c A B de Villiers b V R Aaron,1,25,24,104.17,,3798,33.91,131.92
136,13/05/2016,Kings XI Punjab,Dr YS Rajasekhara Reddy Cricket Stadium,Yes,b A R Patel,1,15,24,62.5,,3813,33.74,131.35
137,15/05/2016,Delhi Capitals,Dr YS Rajasekhara Reddy Cricket Stadium,Yes,c R R Pant b A Mishra,1,31,21,147.62,,3844,33.72,131.46
138,21/05/2016,Gujarat Lions,Green Park,Yes,c S B Jakati b D S Kulkarni,1,30,17,176.47,,3874,33.69,131.72
139,6/4/2017,Rising Pune Supergiant,Maharashtra Cricket Association Stadium,Yes,b Imran Tahir,1,3,7,42.86,,3877,33.42,131.51
140,9/4/2017,Kolkata Knight Riders,Wankhede Stadium,Yes,lbw b S P Narine,1,2,6,33.33,,3879,33.15,131.31
141,12/4/2017,Sunrisers Hyderabad,Wankhede Stadium,Yes,lbw b Rashid Khan,1,4,4,100,,3883,32.91,131.27
142,14/04/2017,Royal Challengers Bangalore,M Chinnaswamy Stadium,Yes,b S Badree,1,0,2,0,,3883,32.63,131.18
143,16/04/2017,Gujarat Lions,Wankhede Stadium,Yes,not out,0,40,29,137.93,,3923,32.97,131.25
144,22/04/2017,Delhi Capitals,Wankhede Stadium,Yes,c P J Cummins b A Mishra,1,5,9,55.56,,3928,32.73,131.02
145,24/04/2017,Rising Pune Supergiant,Wankhede Stadium,Yes,c & b J D Unadkat,1,58,39,148.72,,3986,32.94,131.25
146,29/04/2017,Gujarat Lions,Saurashtra Cricket Association Stadium,Yes,c †K D Karthik b J P Faulkner,1,5,13,38.46,,3991,32.71,130.85
147,1/5/2017,Royal Challengers Bangalore,Wankhede Stadium,Yes,not out,0,56,37,151.35,,4047,33.17,131.1
148,6/5/2017,Delhi Capitals,Barabati Stadium,Yes,c A Mishra b K Rabada,1,10,6,166.67,,4057,32.98,131.17
149,8/5/2017,Sunrisers Hyderabad,Rajiv Gandhi International Stadium,Yes,b S Kaul,1,67,45,148.89,,4124,33.26,131.42
150,11/5/2017,Kings XI Punjab,Wankhede Stadium,Yes,c M J Guptill b R Tewatia,1,5,7,71.43,,4129,33.03,131.29
151,13/05/2017,Kolkata Knight Riders,Eden Gardens,Yes,lbw b A S Rajpoot,1,27,21,128.57,,4156,32.98,131.27
152,16/05/2017,Rising Pune Supergiant,Wankhede Stadium,Yes,lbw b W Washington Sundar,1,1,2,50,,4157,32.73,131.22
153,19/05/2017,Kolkata Knight Riders,M Chinnaswamy Stadium,Yes,c A S Rajpoot b N M Coulter-Nile,1,26,24,108.33,,4183,32.68,131.05
154,21/05/2017,Rising Pune Supergiant,Rajiv Gandhi International Stadium,Yes,c S N Thakur b A Zampa,1,24,22,109.09,,4207,32.61,130.9
155,7/4/2018,Chennai Super Kings,Wankhede Stadium,Yes,c A T Rayudu b S R Watson,1,15,18,83.33,,4222,32.48,130.63
156,12/4/2018,Sunrisers Hyderabad,Rajiv Gandhi International Stadium,Yes,c Shakib Al Hasan b B Stanlake,1,11,10,110,,4233,32.31,130.57
157,14/04/2018,Delhi Capitals,Wankhede Stadium,Yes,c J J Roy b T A Boult,1,18,15,120,,4251,32.2,130.52
158,17/04/2018,Royal Challengers Bangalore,Wankhede Stadium,Yes,c C R Woakes b C J Anderson,1,94,52,180.77,,4345,32.67,131.31
159,22/04/2018,Rajasthan Royals,Sawai Mansingh Stadium,Yes,run out,1,0,1,0,,4345,32.43,131.27
160,24/04/2018,Sunrisers Hyderabad,Wankhede Stadium,Yes,c S Dhawan b Shakib Al Hasan,1,2,6,33.33,,4347,32.2,131.09
161,28/04/2018,Chennai Super Kings,Maharashtra Cricket Association Stadium,Yes,not out,0,56,33,169.7,,4403,32.61,131.47
162,1/5/2018,Royal Challengers Bangalore,M Chinnaswamy Stadium,Yes,c †Q de Kock b U T Yadav,1,0,1,0,,4403,32.38,131.43
163,4/5/2018,Kings XI Punjab,Holkar Cricket Stadium,Yes,not out,0,24,15,160,,4427,32.55,131.56
164,6/5/2018,Kolkata Knight Riders,Wankhede Stadium,Yes,c sub b S P Narine,1,11,11,100,,4438,32.39,131.46
165,9/5/2018,Kolkata Knight Riders,Eden Gardens,Yes,c C A Lynn b M Prasidh Krishna,1,36,31,116.13,,4474,32.42,131.32
166,13/05/2018,Rajasthan Royals,Wankhede Stadium,Yes,c J D Unadkat b J C Archer,1,0,1,0,,4474,32.19,131.28
167,16/05/2018,Kings XI Punjab,Wankhede Stadium,Yes,c Yuvraj Singh b A S Rajpoot,1,6,10,60,,4480,32,131.07
168,20/05/2018,Delhi Capitals,Arun Jaitley Stadium,Yes,c T A Boult b H V Patel,1,13,11,118.18,,4493,31.87,131.03
169,24/03/2019,Delhi Capitals,Wankhede Stadium,Yes,c R Tewatia b I Sharma,1,14,13,107.69,,4507,31.74,130.94
170,28/03/2019,Royal Challengers Bangalore,M Chinnaswamy Stadium,Yes,c Mohammed Siraj b U T Yadav,1,48,33,145.45,,4555,31.85,131.08
171,30/03/2019,Kings XI Punjab,Punjab Cricket Association IS Bindra Stadium,Yes,lbw b G C Viljoen,1,32,18,177.78,,4587,31.85,131.32
172,3/4/2019,Chennai Super Kings,Wankhede Stadium,Yes,c †M S Dhoni b R A Jadeja,1,13,18,72.22,,4600,31.72,131.02
173,6/4/2019,Sunrisers Hyderabad,Rajiv Gandhi International Stadium,Yes,c D J Hooda b Mohammad Nabi,1,11,14,78.57,,4611,31.58,130.81
174,13/04/2019,Rajasthan Royals,Wankhede Stadium,Yes,c J C Buttler b J C Archer,1,47,32,146.88,,4658,31.69,130.95
175,15/04/2019,Royal Challengers Bangalore,Wankhede Stadium,Yes,b M M Ali,1,28,19,147.37,,4686,31.66,131.04
176,18/04/2019,Delhi Capitals,Arun Jaitley Stadium,Yes,b A Mishra,1,30,22,136.36,,4716,31.65,131.07
177,20/04/2019,Rajasthan Royals,Sawai Mansingh Stadium,No,c & b S Gopal,1,5,7,71.43,,4721,31.47,130.96
178,26/04/2019,Chennai Super Kings,MA Chidambaram Stadium,Yes,c M Vijay b M J Santner,1,67,48,139.58,,4788,31.71,131.07
179,28/04/2019,Kolkata Knight Riders,Eden Gardens,Yes,lbw b H F Gurney,1,12,9,133.33,,4800,31.58,131.08
180,2/5/2019,Sunrisers Hyderabad,Wankhede Stadium,Yes,c Mohammad Nabi b K K Ahmed,1,24,18,133.33,,4824,31.53,131.09
181,5/5/2019,Kolkata Knight Riders,Wankhede Stadium,Yes,not out,0,55,48,114.58,,4879,31.89,130.87
182,7/5/2019,Chennai Super Kings,MA Chidambaram Stadium,Yes,lbw b D L Chahar,1,4,2,200,,4883,31.71,130.91
183,12/5/2019,Chennai Super Kings,Rajiv Gandhi International Stadium,Yes,c †M S Dhoni b D L Chahar,1,15,14,107.14,,4898,31.6,130.82
