Match,Date,Vs,Venue,D/N*,How Dismissed,Out,Runs,Balls,S/R,,TotalRuns,Avg,S/R
1,6/4/2012,Pune Warriors,Wankhede Stadium,Yes,b M N Samuels,1,0,4,0,,0,0,0
2,16/04/2014,Mumbai Indians,Sheikh Zayed Stadium,No,not out,0,13,5,260,,13,13,144.44
3,19/04/2014,Delhi Capitals,Dubai International Cricket Stadium,Yes,not out,0,8,3,266.67,,21,21,175
4,24/04/2014,Royal Challengers Bangalore,Sharjah Cricket Stadium,Yes,not out,0,24,18,133.33,,45,45,150
5,26/04/2014,Kings XI Punjab,Sheikh Zayed Stadium,Yes,c M G Johnson b Sandeep Sharma,1,34,17,200,,79,39.5,168.09
6,29/04/2014,Rajasthan Royals,Sheikh Zayed Stadium,Yes,c S P D Smith b J P Faulkner,1,31,19,163.16,,110,36.67,166.67
7,2/5/2014,Chennai Super Kings,JSCA International Stadium Complex,Yes,lbw b R A Jadeja,1,8,13,61.54,,118,29.5,149.37
8,5/5/2014,Rajasthan Royals,Sardar Patel Stadium,Yes,not out,0,9,17,52.94,,127,31.75,132.29
9,24/05/2014,Sunrisers Hyderabad,Eden Gardens,Yes,not out,0,12,5,240,,139,34.75,137.62
10,28/05/2014,Kings XI Punjab,Eden Gardens,Yes,b Karanveer Singh,1,20,14,142.86,,159,31.8,138.26
11,1/6/2014,Kings XI Punjab,M Chinnaswamy Stadium,Yes,c M Vohra b M G Johnson,1,5,6,83.33,,164,27.33,135.54
12,8/4/2015,Mumbai Indians,Eden Gardens,Yes,not out,0,46,20,230,,210,35,148.94
13,11/4/2015,Royal Challengers Bangalore,Eden Gardens,Yes,c Mandeep Singh b H V Patel,1,11,9,122.22,,221,31.57,147.33
14,18/04/2015,Kings XI Punjab,Maharashtra Cricket Association Stadium,Yes,c †W P Saha b N L T C Perera,1,23,10,230,,244,30.5,152.5
15,20/04/2015,Delhi Capitals,Arun Jaitley Stadium,Yes,c †K M Jadhav b N M Coulter-Nile,1,24,16,150,,268,29.78,152.27
16,22/04/2015,Sunrisers Hyderabad,Dr YS Rajasekhara Reddy Cricket Stadium,Yes,not out,0,2,2,100,,270,30,151.69
17,28/04/2015,Chennai Super Kings,MA Chidambaram Stadium,Yes,c D J J Bravo b M M Sharma,1,16,26,61.54,,286,28.6,140.2
18,30/04/2015,Chennai Super Kings,Eden Gardens,Yes,c D J J Bravo b R G More,1,2,3,66.67,,288,26.18,139.13
19,2/5/2015,Royal Challengers Bangalore,M Chinnaswamy Stadium,Yes,not out,0,0,2,0,,288,26.18,137.8
20,4/5/2015,Sunrisers Hyderabad,Eden Gardens,Yes,c M C Henriques b B Kumar,1,6,3,200,,294,24.5,138.68
21,7/5/2015,Delhi Capitals,Eden Gardens,Yes,not out,0,7,7,100,,301,25.08,137.44
22,9/5/2015,Kings XI Punjab,Eden Gardens,Yes,b Gurkeerat Singh,1,9,9,100,,310,23.85,135.96
23,14/05/2015,Mumbai Indians,Wankhede Stadium,Yes,c A T Rayudu b M J McClenaghan,1,11,5,220,,321,22.93,137.77
24,16/05/2015,Rajasthan Royals,Brabourne Stadium,Yes,c †S V Samson b C H Morris,1,0,1,0,,321,21.4,137.18
25,13/04/2016,Mumbai Indians,Eden Gardens,Yes,not out,0,4,1,400,,325,21.67,138.3
26,19/04/2016,Kings XI Punjab,Punjab Cricket Association IS Bindra Stadium,Yes,not out,0,11,9,122.22,,336,22.4,137.7
27,24/04/2016,Rising Pune Supergiant,Maharashtra Cricket Association Stadium,No,lbw b M Ashwin,1,60,49,122.45,,396,24.75,135.15
28,28/04/2016,Mumbai Indians,Wankhede Stadium,Yes,c & b T G Southee,1,21,17,123.53,,417,24.53,134.52
29,30/04/2016,Delhi Capitals,Arun Jaitley Stadium,Yes,c S S Iyer b C R Brathwaite,1,21,13,161.54,,438,24.33,135.6
30,2/5/2016,Royal Challengers Bangalore,M Chinnaswamy Stadium,Yes,not out,0,10,5,200,,448,24.89,136.59
31,8/5/2016,Gujarat Lions,Eden Gardens,Yes,c S K Raina b D R Smith,1,4,12,33.33,,452,23.79,132.94
32,16/05/2016,Royal Challengers Bangalore,Eden Gardens,Yes,c Iqbal Abdulla b S Aravind,1,5,5,100,,457,22.85,132.46
33,19/05/2016,Gujarat Lions,Green Park,Yes,c D S Kulkarni b S B Jakati,1,17,14,121.43,,474,22.57,132.03
34,22/05/2016,Sunrisers Hyderabad,Eden Gardens,Yes,not out,0,6,3,200,,480,22.86,132.6
35,25/05/2016,Sunrisers Hyderabad,Arun Jaitley Stadium,Yes,c S Dhawan b M C Henriques,1,23,15,153.33,,503,22.86,133.42
36,9/4/2017,Mumbai Indians,Wankhede Stadium,Yes,c K A Pollard b S L Malinga,1,17,15,113.33,,520,22.61,132.65
37,15/04/2017,Sunrisers Hyderabad,Eden Gardens,Yes,c †N V Ojha b A Nehra,1,4,3,133.33,,524,21.83,132.66
38,17/04/2017,Delhi Capitals,Arun Jaitley Stadium,Yes,c Z Khan b P J Cummins,1,7,9,77.78,,531,21.24,131.44
39,21/04/2017,Gujarat Lions,Eden Gardens,Yes,run out,1,1,1,100,,532,20.46,131.36
40,23/04/2017,Royal Challengers Bangalore,Eden Gardens,Yes,c T S Mills b P Negi,1,15,19,78.95,,547,20.26,129.01
41,3/5/2017,Rising Pune Supergiant,Eden Gardens,Yes,not out,0,30,16,187.5,,577,21.37,131.14
42,19/05/2017,Mumbai Indians,M Chinnaswamy Stadium,Yes,c S L Malinga b J J Bumrah,1,31,25,124,,608,21.71,130.75
43,7/4/2018,Chennai Super Kings,Wankhede Stadium,Yes,c Harbhajan Singh b S R Watson,1,43,29,148.28,,651,22.45,131.78
44,12/4/2018,Sunrisers Hyderabad,Rajiv Gandhi International Stadium,Yes,c D J Hooda b Sandeep Sharma,1,28,31,90.32,,679,22.63,129.33
45,14/04/2018,Delhi Capitals,Wankhede Stadium,Yes,lbw b R Tewatia,1,53,32,165.63,,732,23.61,131.42
46,17/04/2018,Royal Challengers Bangalore,Wankhede Stadium,Yes,b U T Yadav,1,0,1,0,,732,22.88,131.18
47,22/04/2018,Rajasthan Royals,Sawai Mansingh Stadium,Yes,c †J C Buttler b J D Unadkat,1,72,47,153.19,,804,24.36,132.89
48,24/04/2018,Sunrisers Hyderabad,Wankhede Stadium,Yes,c Rashid Khan b Basil Thampi,1,34,38,89.47,,838,24.65,130.33
49,28/04/2018,Chennai Super Kings,Maharashtra Cricket Association Stadium,Yes,c R A Jadeja b Harbhajan Singh,1,44,34,129.41,,882,25.2,130.28
50,1/5/2018,Royal Challengers Bangalore,M Chinnaswamy Stadium,Yes,lbw b U T Yadav,1,9,9,100,,891,24.75,129.88
51,4/5/2018,Kings XI Punjab,Holkar Cricket Stadium,Yes,c †K L Rahul b M P Stoinis,1,57,42,135.71,,948,25.62,130.22
52,6/5/2018,Kolkata Knight Riders,Wankhede Stadium,Yes,c †K D Karthik b A D Russell,1,59,39,151.28,,1007,26.5,131.29
53,9/5/2018,Kolkata Knight Riders,Eden Gardens,Yes,c R K Singh b P P Chawla,1,36,32,112.5,,1043,26.74,130.54
54,13/05/2018,Rajasthan Royals,Wankhede Stadium,Yes,c J D Unadkat b J C Archer,1,38,31,122.58,,1081,27.03,130.24
55,16/05/2018,Kings XI Punjab,Wankhede Stadium,Yes,c †K L Rahul b A J Tye,1,27,15,180,,1108,27.02,131.12
56,20/05/2018,Delhi Capitals,Arun Jaitley Stadium,Yes,c V Shankar b S Lamichhane,1,12,4,300,,1120,26.67,131.92
57,24/03/2019,Delhi Capitals,Wankhede Stadium,Yes,run out,1,2,6,33.33,,1122,26.09,131.23
58,28/03/2019,Royal Challengers Bangalore,M Chinnaswamy Stadium,Yes,c M M Ali b Y S Chahal,1,38,24,158.33,,1160,26.36,131.97
59,30/03/2019,Kings XI Punjab,Punjab Cricket Association IS Bindra Stadium,Yes,lbw b M Ashwin,1,11,6,183.33,,1171,26.02,132.32
60,3/4/2019,Chennai Super Kings,Wankhede Stadium,Yes,c R A Jadeja b D J J Bravo,1,59,43,137.21,,1230,26.74,132.54
61,6/4/2019,Sunrisers Hyderabad,Rajiv Gandhi International Stadium,Yes,lbw b Sandeep Sharma,1,7,8,87.5,,1237,26.32,132.16
62,10/4/2019,Kings XI Punjab,Wankhede Stadium,Yes,c sub b S M Curran,1,21,15,140,,1258,26.21,132.28
63,13/04/2019,Rajasthan Royals,Wankhede Stadium,Yes,b D S Kulkarni,1,16,10,160,,1274,26,132.57
64,15/04/2019,Royal Challengers Bangalore,Wankhede Stadium,Yes,c N A Saini b Y S Chahal,1,29,23,126.09,,1303,26.06,132.42
65,18/04/2019,Delhi Capitals,Arun Jaitley Stadium,Yes,c †R R Pant b K Rabada,1,26,27,96.3,,1329,26.06,131.45
66,20/04/2019,Rajasthan Royals,Sawai Mansingh Stadium,No,c D S Kulkarni b S T R Binny,1,34,33,103.03,,1363,26.21,130.56
67,28/04/2019,Kolkata Knight Riders,Eden Gardens,Yes,c †K D Karthik b A D Russell,1,26,14,185.71,,1389,26.21,131.29
68,2/5/2019,Sunrisers Hyderabad,Wankhede Stadium,Yes,c Rashid Khan b K K Ahmed,1,23,17,135.29,,1412,26.15,131.35
69,5/5/2019,Kolkata Knight Riders,Wankhede Stadium,Yes,not out,0,46,27,170.37,,1458,27,132.3
70,7/5/2019,Chennai Super Kings,MA Chidambaram Stadium,Yes,not out,0,71,54,131.48,,1529,28.31,132.27
71,12/5/2019,Chennai Super Kings,Rajiv Gandhi International Stadium,Yes,b Imran Tahir,1,15,17,88.24,,1544,28.07,131.63
