,Match,Ground,Vs,Date,Agg,Avg,WicketsCric,Overs,Runs,Econ,AvgCric,SR,5W
0,1.0,Sawai Mansingh Stadium,Rajasthan Royals,2008-05-11,2.0,13.5,2,2.5,27,9.53,13.5,8.5,0
1,2.0,Eden Gardens,Kolkata Knight Riders,2008-05-13,2.0,20.0,0,3.0,13,4.33,-,-,0
2,3.0,Arun Jaitley Stadium,Deccan Chargers,2008-05-15,7.0,8.14,5,4.0,17,4.25,3.4,4.8,1
3,4.0,Arun Jaitley Stadium,Kings XI Punjab,2008-05-17,8.0,9.75,1,2.0,21,10.5,21,12,0
4,5.0,Arun Jaitley Stadium,Mumbai Indians,2008-05-24,9.0,11.22,1,4.0,23,5.75,23,24,0
5,6.0,Wankhede Stadium,Rajasthan Royals,2008-05-30,11.0,12.55,2,4.0,37,9.25,18.5,12,0
6,7.0,St George's Park,Royal Challengers Bangalore,2009-04-26,12.0,13.08,1,4.0,19,4.75,19,24,0
7,8.0,SuperSport Park,Rajasthan Royals,2009-04-28,15.0,12.73,3,4.1,34,8.16,11.3,8.3,0
8,9.0,SuperSport Park,Deccan Chargers,2009-04-30,16.0,13.94,1,4.0,32,8.0,32,24,0
9,10.0,Wanderers Stadium,Chennai Super Kings,2009-05-02,16.0,15.44,0,3.0,24,8.0,-,-,0
10,11.0,Kingsmead,Kolkata Knight Riders,2009-05-05,16.0,16.56,0,4.0,18,4.5,-,-,0
11,12.0,Buffalo Park,Mumbai Indians,2009-05-08,16.0,17.81,0,4.0,20,5.0,-,-,0
12,13.0,Wanderers Stadium,Kolkata Knight Riders,2009-05-10,19.0,15.95,3,4.0,14,3.5,4.7,8,0
13,14.0,Kingsmead,Deccan Chargers,2009-05-13,19.0,18.0,0,3.0,39,13.0,-,-,0
14,15.0,Mangaung Oval,Rajasthan Royals,2009-05-17,22.0,17.05,3,4.0,33,8.25,11,8,0
15,16.0,SuperSport Park,Mumbai Indians,2009-05-21,22.0,18.95,0,4.0,42,10.5,-,-,0
16,17.0,SuperSport Park,Deccan Chargers,2009-05-22,25.0,17.44,3,4.0,19,4.75,6.3,8,0
17,18.0,Punjab Cricket Association IS Bindra Stadium,Kings XI Punjab,2010-03-13,26.0,17.65,1,4.0,23,5.75,23,24,0
18,19.0,Barabati Stadium,Rajasthan Royals,2010-03-15,27.0,18.26,1,4.0,34,8.5,34,24,0
19,20.0,Arun Jaitley Stadium,Mumbai Indians,2010-03-17,28.0,19.18,1,4.0,44,11.0,44,24,0
20,21.0,Arun Jaitley Stadium,Chennai Super Kings,2010-03-19,29.0,19.38,1,3.0,25,8.33,25,18,0
21,22.0,Barabati Stadium,Deccan Chargers,2010-03-21,30.0,19.13,1,3.0,12,4.0,12,18,0
22,23.0,M Chinnaswamy Stadium,Royal Challengers Bangalore,2010-03-25,32.0,18.66,2,4.0,23,5.75,11.5,12,0
23,24.0,Arun Jaitley Stadium,Kolkata Knight Riders,2010-03-29,33.0,18.64,1,4.0,18,4.5,18,24,0
24,25.0,Arun Jaitley Stadium,Rajasthan Royals,2010-03-31,36.0,17.78,3,4.0,25,6.25,8.3,8,0
25,26.0,Arun Jaitley Stadium,Royal Challengers Bangalore,2010-04-04,39.0,17.23,3,4.0,32,8.0,10.7,8,0
26,27.0,Eden Gardens,Kolkata Knight Riders,2010-04-07,39.0,18.28,0,4.0,41,10.25,-,-,0
27,28.0,Arun Jaitley Stadium,Kings XI Punjab,2010-04-11,40.0,18.2,1,4.0,15,3.75,15,24,0
28,29.0,Brabourne Stadium,Mumbai Indians,2010-04-13,40.0,18.95,0,3.0,30,10.0,-,-,0
29,30.0,MA Chidambaram Stadium,Chennai Super Kings,2010-04-15,41.0,18.8,1,4.0,13,3.25,13,24,0
30,31.0,Arun Jaitley Stadium,Deccan Chargers,2010-04-18,42.0,19.02,1,4.0,28,7.0,28,24,0
31,32.0,Rajiv Gandhi International Stadium,Rajasthan Royals,2011-04-09,42.0,19.69,0,4.0,28,7.0,-,-,0
32,33.0,Eden Gardens,Kolkata Knight Riders,2011-04-11,44.0,19.23,2,4.0,19,4.75,9.5,12,0
33,34.0,Rajiv Gandhi International Stadium,Royal Challengers Bangalore,2011-04-14,45.0,19.71,1,4.0,41,10.25,41,24,0
34,35.0,Rajiv Gandhi International Stadium,Kings XI Punjab,2011-04-16,47.0,19.47,2,4.0,28,7.0,14,12,0
35,36.0,Arun Jaitley Stadium,Delhi Capitals,2011-04-19,48.0,19.65,1,4.0,28,7.0,28,24,0
36,37.0,Rajiv Gandhi International Stadium,Mumbai Indians,2011-04-24,50.0,19.14,2,4.0,14,3.5,7,12,0
37,38.0,Nehru Stadium (Kochi),Kochi Tuskers Kerala,2011-04-27,51.0,19.0,1,4.0,12,3.0,12,24,0
38,39.0,MA Chidambaram Stadium,Chennai Super Kings,2011-05-01,51.0,19.67,0,3.0,34,11.33,-,-,0
39,40.0,Rajiv Gandhi International Stadium,Kolkata Knight Riders,2011-05-03,52.0,19.71,1,3.0,22,7.33,22,18,0
40,41.0,Rajiv Gandhi International Stadium,Delhi Capitals,2011-05-05,53.0,20.34,1,4.0,53,13.25,53,24,0
41,42.0,Rajiv Gandhi International Stadium,Pune Warriors,2011-05-10,54.0,20.44,1,3.2,26,7.8,26,20,0
42,43.0,Wankhede Stadium,Mumbai Indians,2011-05-14,55.0,20.4,1,4.0,18,4.5,18,24,0
43,44.0,Dr DY Patil Sports Academy,Pune Warriors,2011-05-16,57.0,20.14,2,4.0,26,6.5,13,12,0
44,45.0,Himachal Pradesh Cricket Association Stadium,Kings XI Punjab,2011-05-21,61.0,18.97,4,4.0,9,2.25,2.2,6,0
45,46.0,Dr YS Rajasekhara Reddy Cricket Stadium,Mumbai Indians,2012-04-09,62.0,19.16,1,4.0,31,7.75,31,24,0
46,47.0,Sawai Mansingh Stadium,Rajasthan Royals,2012-04-17,65.0,18.77,3,4.0,32,8.0,10.7,8,0
47,48.0,Arun Jaitley Stadium,Delhi Capitals,2012-04-19,65.0,19.17,0,2.0,26,13.0,-,-,0
48,49.0,Barabati Stadium,Kolkata Knight Riders,2012-04-22,66.0,19.29,1,4.0,27,6.75,27,24,0
49,50.0,Maharashtra Cricket Association Stadium,Pune Warriors,2012-04-26,66.0,19.67,0,3.0,25,8.33,-,-,0
50,51.0,Wankhede Stadium,Mumbai Indians,2012-04-29,66.0,20.11,0,4.0,29,7.25,-,-,0
51,52.0,Barabati Stadium,Pune Warriors,2012-05-01,66.0,20.41,0,3.0,20,6.67,-,-,0
52,53.0,MA Chidambaram Stadium,Chennai Super Kings,2012-05-04,67.0,20.37,1,2.0,18,9.0,18,12,0
53,54.0,M Chinnaswamy Stadium,Royal Challengers Bangalore,2012-05-06,69.0,20.19,2,4.0,28,7.0,14,12,0
54,55.0,Rajiv Gandhi International Stadium,Kings XI Punjab,2012-05-08,69.0,20.48,0,2.0,20,10.0,-,-,0
55,56.0,Rajiv Gandhi International Stadium,Delhi Capitals,2012-05-10,69.0,21.12,0,4.0,44,11.0,-,-,0
56,57.0,Punjab Cricket Association IS Bindra Stadium,Kings XI Punjab,2012-05-13,70.0,21.26,1,3.0,31,10.33,31,18,0
57,58.0,Rajiv Gandhi International Stadium,Rajasthan Royals,2012-05-18,72.0,20.94,2,4.0,20,5.0,10,12,0
58,59.0,Rajiv Gandhi International Stadium,Royal Challengers Bangalore,2012-05-20,74.0,20.73,2,4.0,26,6.5,13,12,0
59,60.0,Rajiv Gandhi International Stadium,Pune Warriors,2013-04-05,77.0,20.17,3,4.0,19,4.75,6.3,8,0
60,61.0,Rajiv Gandhi International Stadium,Royal Challengers Bangalore,2013-04-07,78.0,20.1,1,4.0,15,3.75,15,24,0
61,62.0,M Chinnaswamy Stadium,Royal Challengers Bangalore,2013-04-09,78.0,20.64,0,4.0,42,10.5,-,-,0
62,63.0,Arun Jaitley Stadium,Delhi Capitals,2013-04-12,79.0,20.57,1,4.0,15,3.75,15,24,0
63,64.0,Eden Gardens,Kolkata Knight Riders,2013-04-14,79.0,20.92,0,3.0,28,9.33,-,-,0
64,65.0,Maharashtra Cricket Association Stadium,Pune Warriors,2013-04-17,83.0,20.14,4,4.0,19,4.75,4.8,6,0
65,66.0,Rajiv Gandhi International Stadium,Kings XI Punjab,2013-04-19,85.0,20.01,2,4.0,29,7.25,14.5,12,0
66,67.0,MA Chidambaram Stadium,Chennai Super Kings,2013-04-25,88.0,19.63,3,4.0,26,6.5,8.7,8,0
67,68.0,Sawai Mansingh Stadium,Rajasthan Royals,2013-04-27,88.0,19.85,0,2.0,20,10.0,-,-,0
68,69.0,Rajiv Gandhi International Stadium,Mumbai Indians,2013-05-01,90.0,19.68,2,4.0,24,6.0,12,12,0
69,70.0,Rajiv Gandhi International Stadium,Delhi Capitals,2013-05-04,91.0,19.64,1,4.0,16,4.0,16,24,0
70,71.0,Rajiv Gandhi International Stadium,Chennai Super Kings,2013-05-08,91.0,20.09,0,4.0,41,10.25,-,-,0
71,72.0,Punjab Cricket Association IS Bindra Stadium,Kings XI Punjab,2013-05-11,91.0,20.31,0,2.0,20,10.0,-,-,0
72,73.0,Wankhede Stadium,Mumbai Indians,2013-05-13,91.0,20.7,0,3.0,36,12.0,-,-,0
73,74.0,Rajiv Gandhi International Stadium,Rajasthan Royals,2013-05-17,93.0,20.34,2,4.0,8,2.0,4,12,0
74,75.0,Rajiv Gandhi International Stadium,Kolkata Knight Riders,2013-05-19,94.0,20.34,1,4.0,20,5.0,20,24,0
75,76.0,Arun Jaitley Stadium,Rajasthan Royals,2013-05-22,95.0,20.29,1,4.0,16,4.0,16,24,0
76,77.0,Sheikh Zayed Stadium,Rajasthan Royals,2014-04-18,97.0,20.14,2,4.0,26,6.5,13,12,0
77,78.0,Sharjah Cricket Stadium,Kings XI Punjab,2014-04-22,99.0,20.3,2,4.0,56,14.0,28,12,0
78,79.0,Dubai International Cricket Stadium,Delhi Capitals,2014-04-25,99.0,20.69,0,4.0,38,9.5,-,-,0
79,80.0,Sharjah Cricket Stadium,Chennai Super Kings,2014-04-27,99.0,20.96,0,3.3,27,7.71,-,-,0
80,81.0,Dubai International Cricket Stadium,Mumbai Indians,2014-04-30,99.0,21.51,0,4.0,54,13.5,-,-,0
81,82.0,Sardar Patel Stadium,Rajasthan Royals,2014-05-08,99.0,21.64,0,4.0,13,3.25,-,-,0
82,83.0,Arun Jaitley Stadium,Delhi Capitals,2014-05-10,101.0,21.44,2,3.0,23,7.67,11.5,9,0
83,84.0,Rajiv Gandhi International Stadium,Mumbai Indians,2014-05-12,101.0,21.76,0,3.0,33,11.0,-,-,0
84,85.0,Rajiv Gandhi International Stadium,Kings XI Punjab,2014-05-14,102.0,21.86,1,4.0,32,8.0,32,24,0
85,86.0,Rajiv Gandhi International Stadium,Kolkata Knight Riders,2014-05-18,102.0,22.24,0,4.0,38,9.5,-,-,0
86,87.0,MA Chidambaram Stadium,Chennai Super Kings,2015-04-09,103.0,22.22,1,4.0,21,5.25,21,24,0
87,88.0,Arun Jaitley Stadium,Rajasthan Royals,2015-04-12,105.0,22.1,2,4.0,32,8.0,16,12,0
88,89.0,Maharashtra Cricket Association Stadium,Kings XI Punjab,2015-04-15,106.0,22.22,1,4.0,34,8.5,34,24,0
89,90.0,Dr YS Rajasekhara Reddy Cricket Stadium,Sunrisers Hyderabad,2015-04-18,106.0,22.35,0,2.0,14,7.0,-,-,0
90,91.0,Arun Jaitley Stadium,Kolkata Knight Riders,2015-04-20,106.0,22.56,0,3.1,22,6.95,-,-,0
91,92.0,Arun Jaitley Stadium,Mumbai Indians,2015-04-23,108.0,22.44,2,4.0,32,8.0,16,12,0
92,93.0,Arun Jaitley Stadium,Royal Challengers Bangalore,2015-04-26,108.0,22.67,0,2.0,25,12.5,-,-,0
93,94.0,Arun Jaitley Stadium,Kings XI Punjab,2015-05-01,109.0,22.55,1,4.0,20,5.0,20,24,0
94,95.0,Brabourne Stadium,Rajasthan Royals,2015-05-03,109.0,22.93,1,2.0,10,5.0,10,12,0
95,96.0,Wankhede Stadium,Mumbai Indians,2015-05-05,110.0,22.95,0,4.0,41,10.25,-,-,0
96,97.0,Eden Gardens,Kolkata Knight Riders,2015-05-07,111.0,22.92,1,4.0,25,6.25,25,24,0
97,98.0,Shaheed Veer Narayan Sing International Stadium,Sunrisers Hyderabad,2015-05-09,111.0,23.23,0,3.0,34,11.33,-,-,0
98,99.0,Eden Gardens,Kolkata Knight Riders,2016-04-10,112.0,23.12,1,2.0,11,5.5,11,12,0
99,100.0,Arun Jaitley Stadium,Kings XI Punjab,2016-04-15,116.0,22.41,4,3.0,11,3.67,2.8,4.5,0
100,101.0,M Chinnaswamy Stadium,Royal Challengers Bangalore,2016-04-17,116.0,22.64,0,3.0,26,8.67,-,-,0
101,102.0,Arun Jaitley Stadium,Mumbai Indians,2016-04-23,118.0,22.46,2,4.0,24,6.0,12,12,0
102,103.0,Arun Jaitley Stadium,Gujarat Lions,2016-04-27,118.0,22.69,0,3.0,27,9.0,-,-,0
103,104.0,Arun Jaitley Stadium,Kolkata Knight Riders,2016-04-30,119.0,22.8,1,4.0,36,9.0,36,24,0
104,105.0,Saurashtra Cricket Association Stadium,Gujarat Lions,2016-05-03,120.0,22.77,1,3.0,19,6.33,19,18,0
105,106.0,Arun Jaitley Stadium,Rising Pune Supergiant,2016-05-05,121.0,22.81,1,4.0,28,7.0,28,24,0
106,107.0,Punjab Cricket Association IS Bindra Stadium,Kings XI Punjab,2016-05-07,121.0,23.12,0,4.0,37,9.25,-,-,0
107,108.0,Rajiv Gandhi International Stadium,Sunrisers Hyderabad,2016-05-12,123.0,22.89,2,3.0,19,6.33,9.5,9,0
108,109.0,Dr YS Rajasekhara Reddy Cricket Stadium,Mumbai Indians,2016-05-15,124.0,23.05,1,4.0,42,10.5,42,24,0
109,110.0,Dr YS Rajasekhara Reddy Cricket Stadium,Rising Pune Supergiant,2016-05-17,124.0,23.13,0,2.0,10,5.0,-,-,0
110,111.0,Shaheed Veer Narayan Sing International Stadium,Sunrisers Hyderabad,2016-05-20,124.0,23.3,0,3.0,21,7.0,-,-,0
111,112.0,Shaheed Veer Narayan Sing International Stadium,Royal Challengers Bangalore,2016-05-22,124.0,23.56,0,4.0,33,8.25,-,-,0
112,113.0,M Chinnaswamy Stadium,Royal Challengers Bangalore,2017-04-08,124.0,23.82,0,2.0,32,16.0,-,-,0
113,114.0,Maharashtra Cricket Association Stadium,Rising Pune Supergiant,2017-04-11,127.0,23.35,3,3.0,11,3.67,3.7,6,0
114,115.0,Arun Jaitley Stadium,Kings XI Punjab,2017-04-15,128.0,23.29,1,3.0,16,5.33,16,18,0
115,116.0,Arun Jaitley Stadium,Kolkata Knight Riders,2017-04-17,129.0,23.31,1,2.5,26,9.18,26,17,0
116,117.0,Rajiv Gandhi International Stadium,Sunrisers Hyderabad,2017-04-19,129.0,23.57,0,3.0,33,11.0,-,-,0
117,118.0,Wankhede Stadium,Mumbai Indians,2017-04-22,131.0,23.34,2,4.0,18,4.5,9,12,0
118,119.0,Eden Gardens,Kolkata Knight Riders,2017-04-28,131.0,23.62,0,3.0,36,12.0,-,-,0
119,120.0,Punjab Cricket Association IS Bindra Stadium,Kings XI Punjab,2017-04-30,131.0,23.69,0,1.0,9,9.0,-,-,0
120,121.0,Arun Jaitley Stadium,Sunrisers Hyderabad,2017-05-02,132.0,23.68,1,4.0,23,5.75,23,24,0
121,122.0,Arun Jaitley Stadium,Gujarat Lions,2017-05-04,132.0,23.86,0,2.0,23,11.5,-,-,0
122,123.0,Barabati Stadium,Mumbai Indians,2017-05-06,133.0,23.95,1,4.0,37,9.25,37,24,0
123,124.0,Green Park,Gujarat Lions,2017-05-10,134.0,23.98,1,2.0,27,13.5,27,12,0
124,125.0,Arun Jaitley Stadium,Rising Pune Supergiant,2017-05-12,134.0,24.17,0,3.0,26,8.67,-,-,0
125,126.0,Arun Jaitley Stadium,Royal Challengers Bangalore,2017-05-14,134.0,24.37,0,2.0,26,13.0,-,-,0
126,127.0,Punjab Cricket Association IS Bindra Stadium,Kings XI Punjab,2018-04-08,134.0,24.71,0,4.0,46,11.5,-,-,0
127,128.0,Arun Jaitley Stadium,Kings XI Punjab,2018-04-23,134.0,24.96,0,4.0,33,8.25,-,-,0
128,129.0,Arun Jaitley Stadium,Kolkata Knight Riders,2018-04-27,136.0,24.76,2,4.0,23,5.75,11.5,12,0
129,130.0,Maharashtra Cricket Association Stadium,Chennai Super Kings,2018-04-30,137.0,24.8,1,4.0,30,7.5,30,24,0
130,131.0,Arun Jaitley Stadium,Rajasthan Royals,2018-05-02,138.0,24.7,1,2.0,12,6.0,12,12,0
131,132.0,Rajiv Gandhi International Stadium,Sunrisers Hyderabad,2018-05-05,140.0,24.49,2,4.0,19,4.75,9.5,12,0
132,133.0,Arun Jaitley Stadium,Sunrisers Hyderabad,2018-05-10,140.0,24.69,0,3.0,29,9.67,-,-,0
133,134.0,Arun Jaitley Stadium,Royal Challengers Bangalore,2018-05-12,141.0,24.75,1,4.0,33,8.25,33,24,0
134,135.0,Arun Jaitley Stadium,Chennai Super Kings,2018-05-18,143.0,24.55,2,4.0,20,5.0,10,12,0
135,136.0,Arun Jaitley Stadium,Mumbai Indians,2018-05-20,146.0,24.17,3,4.0,19,4.75,6.3,8,0
136,137.0,Arun Jaitley Stadium,Chennai Super Kings,2019-03-26,148.0,24.08,2,4.0,35,8.75,17.5,12,0
137,138.0,Arun Jaitley Stadium,Kolkata Knight Riders,2019-03-30,149.0,24.16,1,4.0,36,9.0,36,24,0
138,139.0,Rajiv Gandhi International Stadium,Sunrisers Hyderabad,2019-04-14,149.0,24.25,0,3.0,13,4.33,-,-,0
139,140.0,Arun Jaitley Stadium,Mumbai Indians,2019-04-18,150.0,24.21,1,3.0,18,6.0,18,18,0
140,141.0,Arun Jaitley Stadium,Kings XI Punjab,2019-04-20,150.0,24.48,0,4.0,41,10.25,-,-,0
141,142.0,Sawai Mansingh Stadium,Rajasthan Royals,2019-04-22,150.0,24.67,0,3.0,28,9.33,-,-,0
142,143.0,Arun Jaitley Stadium,Royal Challengers Bangalore,2019-04-28,152.0,24.53,2,4.0,29,7.25,14.5,12,0
143,144.0,MA Chidambaram Stadium,Chennai Super Kings,2019-05-01,152.0,24.64,0,3.0,16,5.33,-,-,0
144,145.0,Arun Jaitley Stadium,Rajasthan Royals,2019-05-04,155.0,24.27,3,4.0,17,4.25,5.7,8,0
145,146.0,Dr YS Rajasekhara Reddy Cricket Stadium,Sunrisers Hyderabad,2019-05-08,156.0,24.22,1,4.0,16,4.0,16,24,0
146,147.0,Dr YS Rajasekhara Reddy Cricket Stadium,Chennai Super Kings,2019-05-10,157.0,24.2,1,4.0,21,5.25,21,24,0
