,Match,Ground,Vs,Date,Agg,Avg,WicketsCric,Overs,Runs,Econ,AvgCric,SR,5W
0,1.0,Punjab Cricket Association IS Bindra Stadium,Kings XI Punjab,2011-05-08,2.0,7.0,2,3.0,14,4.67,7,9,0
1,2.0,Rajiv Gandhi International Stadium,Deccan Chargers,2011-05-10,2.0,19.0,0,3.0,24,8.0,-,-,0
2,3.0,Dr DY Patil Sports Academy,Deccan Chargers,2011-05-16,2.0,24.0,0,2.0,10,5.0,-,-,0
3,4.0,Dr DY Patil Sports Academy,Kolkata Knight Riders,2011-05-19,3.0,22.33,1,3.0,19,6.33,19,18,0
4,5.0,Wankhede Stadium,Mumbai Indians,2012-04-06,3.0,26.67,0,2.0,13,6.5,-,-,0
5,6.0,M Chinnaswamy Stadium,Royal Challengers Bangalore,2012-04-17,3.0,35.67,0,4.0,27,6.75,-,-,0
6,7.0,MA Chidambaram Stadium,Chennai Super Kings,2012-04-19,3.0,48.0,0,3.0,37,12.33,-,-,0
7,8.0,Maharashtra Cricket Association Stadium,Deccan Chargers,2012-04-26,4.0,44.5,1,4.0,34,8.5,34,24,0
8,9.0,Barabati Stadium,Deccan Chargers,2012-05-01,5.0,40.0,1,4.0,22,5.5,22,24,0
9,10.0,Maharashtra Cricket Association Stadium,Mumbai Indians,2012-05-03,7.0,29.86,2,3.0,9,3.0,4.5,9,0
10,11.0,Eden Gardens,Kolkata Knight Riders,2012-05-05,9.0,26.11,2,4.0,26,6.5,13,12,0
11,12.0,Maharashtra Cricket Association Stadium,Rajasthan Royals,2012-05-08,10.0,25.2,1,3.0,17,5.67,17,18,0
12,13.0,Maharashtra Cricket Association Stadium,Royal Challengers Bangalore,2012-05-11,10.0,29.2,0,4.0,40,10.0,-,-,0
13,14.0,Sawai Mansingh Stadium,Rajasthan Royals,2012-05-13,10.0,32.5,0,4.0,33,8.25,-,-,0
14,15.0,Maharashtra Cricket Association Stadium,Kolkata Knight Riders,2012-05-19,11.0,31.64,1,4.0,23,5.75,23,24,0
15,16.0,Rajiv Gandhi International Stadium,Sunrisers Hyderabad,2013-04-05,12.0,30.42,1,4.0,17,4.25,17,24,0
16,17.0,Maharashtra Cricket Association Stadium,Kings XI Punjab,2013-04-07,12.0,31.75,0,2.0,16,8.0,-,-,0
17,18.0,Maharashtra Cricket Association Stadium,Rajasthan Royals,2013-04-11,13.0,32.46,1,4.0,41,10.25,41,24,0
18,19.0,Wankhede Stadium,Mumbai Indians,2013-04-13,13.0,33.69,0,2.0,16,8.0,-,-,0
19,20.0,MA Chidambaram Stadium,Chennai Super Kings,2013-04-15,15.0,30.0,2,4.0,12,3.0,6,12,0
20,21.0,Maharashtra Cricket Association Stadium,Sunrisers Hyderabad,2013-04-17,18.0,26.0,3,4.0,18,4.5,6,8,0
21,22.0,Punjab Cricket Association IS Bindra Stadium,Kings XI Punjab,2013-04-21,19.0,26.26,1,4.0,31,7.75,31,24,0
22,23.0,M Chinnaswamy Stadium,Royal Challengers Bangalore,2013-04-23,19.0,27.47,0,4.0,23,5.75,-,-,0
23,24.0,Shaheed Veer Narayan Sing International Stadium,Delhi Capitals,2013-04-28,19.0,29.05,0,4.0,30,7.5,-,-,0
24,25.0,Maharashtra Cricket Association Stadium,Chennai Super Kings,2013-04-30,19.0,30.32,0,4.0,24,6.0,-,-,0
25,26.0,Maharashtra Cricket Association Stadium,Royal Challengers Bangalore,2013-05-02,19.0,31.37,0,3.0,20,6.67,-,-,0
26,27.0,Sawai Mansingh Stadium,Rajasthan Royals,2013-05-05,20.0,31.7,1,4.0,38,9.5,38,24,0
27,28.0,Maharashtra Cricket Association Stadium,Kolkata Knight Riders,2013-05-09,23.0,28.65,3,4.0,25,6.25,8.3,8,0
28,29.0,Maharashtra Cricket Association Stadium,Mumbai Indians,2013-05-11,23.0,29.17,0,2.0,12,6.0,-,-,0
29,30.0,JSCA International Stadium Complex,Kolkata Knight Riders,2013-05-15,24.0,28.88,1,4.0,22,5.5,22,24,0
30,31.0,Maharashtra Cricket Association Stadium,Delhi Capitals,2013-05-19,24.0,29.96,0,4.0,26,6.5,-,-,0
31,32.0,Sheikh Zayed Stadium,Rajasthan Royals,2014-04-18,25.0,29.6,1,3.3,21,6.0,21,21,0
32,33.0,Sharjah Cricket Stadium,Kings XI Punjab,2014-04-22,28.0,27.11,3,4.0,19,4.75,6.3,8,0
33,34.0,Dubai International Cricket Stadium,Delhi Capitals,2014-04-25,28.0,28.54,0,4.0,40,10.0,-,-,0
34,35.0,Sharjah Cricket Stadium,Chennai Super Kings,2014-04-27,30.0,27.4,2,4.0,23,5.75,11.5,12,0
35,36.0,Dubai International Cricket Stadium,Mumbai Indians,2014-04-30,32.0,26.22,2,4.0,17,4.25,8.5,12,0
36,37.0,M Chinnaswamy Stadium,Royal Challengers Bangalore,2014-05-04,34.0,25.15,2,4.0,16,4.0,8,12,0
37,38.0,Sardar Patel Stadium,Rajasthan Royals,2014-05-08,38.0,22.87,4,4.0,14,3.5,3.5,6,0
38,39.0,Arun Jaitley Stadium,Delhi Capitals,2014-05-10,39.0,22.87,1,4.0,23,5.75,23,24,0
39,40.0,Rajiv Gandhi International Stadium,Mumbai Indians,2014-05-12,41.0,22.27,2,4.0,21,5.25,10.5,12,0
40,41.0,Rajiv Gandhi International Stadium,Kings XI Punjab,2014-05-14,42.0,22.64,1,3.4,38,10.36,38,22,0
41,42.0,Rajiv Gandhi International Stadium,Kolkata Knight Riders,2014-05-18,42.0,23.52,0,3.4,37,10.09,-,-,0
42,43.0,Rajiv Gandhi International Stadium,Royal Challengers Bangalore,2014-05-20,44.0,23.07,2,4.0,27,6.75,13.5,12,0
43,44.0,JSCA International Stadium Complex,Chennai Super Kings,2014-05-22,44.0,23.89,0,4.0,36,9.0,-,-,0
44,45.0,Eden Gardens,Kolkata Knight Riders,2014-05-24,44.0,24.39,0,2.2,22,9.43,-,-,0
45,46.0,MA Chidambaram Stadium,Chennai Super Kings,2015-04-11,44.0,25.09,0,4.0,31,7.75,-,-,0
46,47.0,M Chinnaswamy Stadium,Royal Challengers Bangalore,2015-04-13,46.0,24.65,2,3.5,30,7.83,15,11.5,0
47,48.0,Dr YS Rajasekhara Reddy Cricket Stadium,Rajasthan Royals,2015-04-16,46.0,25.2,0,4.0,25,6.25,-,-,0
48,49.0,Dr YS Rajasekhara Reddy Cricket Stadium,Delhi Capitals,2015-04-18,47.0,25.11,1,4.0,21,5.25,21,24,0
49,50.0,Dr YS Rajasekhara Reddy Cricket Stadium,Kolkata Knight Riders,2015-04-22,48.0,25.08,1,3.0,24,8.0,24,18,0
50,51.0,Wankhede Stadium,Mumbai Indians,2015-04-25,51.0,24.12,3,4.0,26,6.5,8.7,8,0
51,52.0,Punjab Cricket Association IS Bindra Stadium,Kings XI Punjab,2015-04-27,53.0,23.64,2,4.0,23,5.75,11.5,12,0
52,53.0,Rajiv Gandhi International Stadium,Chennai Super Kings,2015-05-02,55.0,23.36,2,4.0,32,8.0,16,12,0
53,54.0,Eden Gardens,Kolkata Knight Riders,2015-05-04,57.0,23.28,2,4.0,42,10.5,21,12,0
54,55.0,Brabourne Stadium,Rajasthan Royals,2015-05-07,60.0,22.85,3,4.0,44,11.0,14.7,8,0
55,56.0,Shaheed Veer Narayan Sing International Stadium,Delhi Capitals,2015-05-09,61.0,22.8,1,4.0,20,5.0,20,24,0
56,57.0,Rajiv Gandhi International Stadium,Kings XI Punjab,2015-05-11,62.0,22.98,1,4.0,34,8.5,34,24,0
57,58.0,Rajiv Gandhi International Stadium,Royal Challengers Bangalore,2015-05-15,62.0,23.61,0,1.5,39,21.27,-,-,0
58,59.0,Rajiv Gandhi International Stadium,Mumbai Indians,2015-05-17,62.0,23.87,0,3.0,16,5.33,-,-,0
59,60.0,M Chinnaswamy Stadium,Royal Challengers Bangalore,2016-04-12,64.0,23.98,2,4.0,55,13.75,27.5,12,0
60,61.0,Rajiv Gandhi International Stadium,Kolkata Knight Riders,2016-04-16,64.0,24.44,0,4.0,29,7.25,-,-,0
61,62.0,Rajiv Gandhi International Stadium,Mumbai Indians,2016-04-18,65.0,24.32,1,4.0,17,4.25,17,24,0
62,63.0,Saurashtra Cricket Association Stadium,Gujarat Lions,2016-04-21,69.0,23.33,4,4.0,29,7.25,7.2,6,0
63,64.0,Rajiv Gandhi International Stadium,Kings XI Punjab,2016-04-23,70.0,23.53,1,4.0,37,9.25,37,24,0
64,65.0,Rajiv Gandhi International Stadium,Rising Pune Supergiant,2016-04-26,71.0,23.44,1,3.0,17,5.67,17,18,0
65,66.0,Rajiv Gandhi International Stadium,Royal Challengers Bangalore,2016-04-30,72.0,23.61,1,4.0,36,9.0,36,24,0
66,67.0,Rajiv Gandhi International Stadium,Gujarat Lions,2016-05-06,74.0,23.35,2,4.0,28,7.0,14,12,0
67,68.0,Dr YS Rajasekhara Reddy Cricket Stadium,Mumbai Indians,2016-05-08,75.0,23.35,1,3.0,23,7.67,23,18,0
68,69.0,Dr YS Rajasekhara Reddy Cricket Stadium,Rising Pune Supergiant,2016-05-10,76.0,23.3,1,4.0,20,5.0,20,24,0
69,70.0,Rajiv Gandhi International Stadium,Delhi Capitals,2016-05-12,76.0,23.72,0,4.0,32,8.0,-,-,0
70,71.0,Punjab Cricket Association IS Bindra Stadium,Kings XI Punjab,2016-05-15,78.0,23.53,2,4.0,32,8.0,16,12,0
71,72.0,Shaheed Veer Narayan Sing International Stadium,Delhi Capitals,2016-05-20,78.0,23.95,0,4.0,33,8.25,-,-,0
72,73.0,Eden Gardens,Kolkata Knight Riders,2016-05-22,80.0,23.74,2,4.0,31,7.75,15.5,12,0
73,74.0,Arun Jaitley Stadium,Kolkata Knight Riders,2016-05-25,83.0,23.11,3,4.0,19,4.75,6.3,8,0
74,75.0,Arun Jaitley Stadium,Gujarat Lions,2016-05-27,85.0,22.88,2,4.0,27,6.75,13.5,12,0
75,76.0,M Chinnaswamy Stadium,Royal Challengers Bangalore,2016-05-29,85.0,23.18,0,4.0,25,6.25,-,-,0
76,77.0,Rajiv Gandhi International Stadium,Royal Challengers Bangalore,2017-04-05,87.0,22.95,2,4.0,27,6.75,13.5,12,0
77,78.0,Rajiv Gandhi International Stadium,Gujarat Lions,2017-04-09,89.0,22.67,2,4.0,21,5.25,10.5,12,0
78,79.0,Wankhede Stadium,Mumbai Indians,2017-04-12,92.0,22.16,3,4.0,21,5.25,7,8,0
79,80.0,Eden Gardens,Kolkata Knight Riders,2017-04-15,95.0,21.67,3,4.0,20,5.0,6.7,8,0
80,81.0,Rajiv Gandhi International Stadium,Kings XI Punjab,2017-04-17,100.0,20.78,5,4.0,19,4.75,3.8,4.8,1
81,82.0,Rajiv Gandhi International Stadium,Delhi Capitals,2017-04-19,100.0,21.07,0,4.0,29,7.25,-,-,0
82,83.0,Maharashtra Cricket Association Stadium,Rising Pune Supergiant,2017-04-22,101.0,21.25,1,4.0,39,9.75,39,24,0
83,84.0,Punjab Cricket Association IS Bindra Stadium,Kings XI Punjab,2017-04-28,103.0,21.02,2,4.0,27,6.75,13.5,12,0
84,85.0,Rajiv Gandhi International Stadium,Kolkata Knight Riders,2017-04-30,105.0,20.9,2,4.0,29,7.25,14.5,12,0
85,86.0,Arun Jaitley Stadium,Delhi Capitals,2017-05-02,106.0,21.01,1,4.0,33,8.25,33,24,0
86,87.0,Rajiv Gandhi International Stadium,Rising Pune Supergiant,2017-05-06,106.0,21.38,0,4.0,39,9.75,-,-,0
87,88.0,Rajiv Gandhi International Stadium,Mumbai Indians,2017-05-08,108.0,21.25,2,4.0,29,7.25,14.5,12,0
88,89.0,Green Park,Gujarat Lions,2017-05-13,110.0,21.09,2,3.2,25,7.5,12.5,10,0
89,90.0,M Chinnaswamy Stadium,Kolkata Knight Riders,2017-05-17,111.0,21.0,1,1.0,11,11.0,11,6,0
90,91.0,Rajiv Gandhi International Stadium,Rajasthan Royals,2018-04-09,112.0,21.08,1,4.0,30,7.5,30,24,0
91,92.0,Eden Gardens,Kolkata Knight Riders,2018-04-14,115.0,20.76,3,4.0,26,6.5,8.7,8,0
92,93.0,Punjab Cricket Association IS Bindra Stadium,Kings XI Punjab,2018-04-19,116.0,20.79,1,4.0,25,6.25,25,24,0
93,94.0,Rajiv Gandhi International Stadium,Chennai Super Kings,2018-04-22,117.0,20.8,1,3.0,22,7.33,22,18,0
94,95.0,Rajiv Gandhi International Stadium,Delhi Capitals,2018-05-05,117.0,21.09,0,4.0,33,8.25,-,-,0
95,96.0,Rajiv Gandhi International Stadium,Royal Challengers Bangalore,2018-05-07,118.0,21.14,1,4.0,27,6.75,27,24,0
96,97.0,Arun Jaitley Stadium,Delhi Capitals,2018-05-10,119.0,21.39,1,4.0,51,12.75,51,24,0
97,98.0,Maharashtra Cricket Association Stadium,Chennai Super Kings,2018-05-13,119.0,21.71,0,4.0,38,9.5,-,-,0
98,99.0,Rajiv Gandhi International Stadium,Kolkata Knight Riders,2018-05-19,119.0,21.98,0,4.0,33,8.25,-,-,0
99,100.0,Wankhede Stadium,Chennai Super Kings,2018-05-22,120.0,21.92,1,3.1,14,4.42,14,19,0
100,101.0,Eden Gardens,Kolkata Knight Riders,2018-05-25,120.0,22.23,0,4.0,38,9.5,-,-,0
101,102.0,Wankhede Stadium,Chennai Super Kings,2018-05-27,120.0,22.38,0,4.0,17,4.25,-,-,0
102,103.0,Eden Gardens,Kolkata Knight Riders,2019-03-24,120.0,22.68,0,4.0,37,9.25,-,-,0
103,104.0,Rajiv Gandhi International Stadium,Rajasthan Royals,2019-03-29,120.0,23.14,0,4.0,55,13.75,-,-,0
104,105.0,Rajiv Gandhi International Stadium,Royal Challengers Bangalore,2019-03-31,120.0,23.35,0,3.0,25,8.33,-,-,0
105,106.0,Arun Jaitley Stadium,Delhi Capitals,2019-04-04,122.0,23.19,2,4.0,27,6.75,13.5,12,0
106,107.0,Rajiv Gandhi International Stadium,Mumbai Indians,2019-04-06,123.0,23.28,1,4.0,34,8.5,34,24,0
107,108.0,Punjab Cricket Association IS Bindra Stadium,Kings XI Punjab,2019-04-08,123.0,23.48,0,4.0,25,6.25,-,-,0
108,109.0,Rajiv Gandhi International Stadium,Delhi Capitals,2019-04-14,125.0,23.37,2,4.0,33,8.25,16.5,12,0
109,110.0,Rajiv Gandhi International Stadium,Chennai Super Kings,2019-04-17,125.0,23.54,0,4.0,21,5.25,-,-,0
110,111.0,Rajiv Gandhi International Stadium,Kolkata Knight Riders,2019-04-21,127.0,23.44,2,4.0,35,8.75,17.5,12,0
111,112.0,MA Chidambaram Stadium,Chennai Super Kings,2019-04-23,128.0,23.4,1,4.0,18,4.5,18,24,0
112,113.0,Sawai Mansingh Stadium,Rajasthan Royals,2019-04-27,128.0,23.57,0,4.0,22,5.5,-,-,0
113,114.0,Rajiv Gandhi International Stadium,Kings XI Punjab,2019-04-29,128.0,23.84,0,4.0,34,8.5,-,-,0
114,115.0,Wankhede Stadium,Mumbai Indians,2019-05-02,129.0,23.88,1,4.0,29,7.25,29,24,0
115,116.0,M Chinnaswamy Stadium,Royal Challengers Bangalore,2019-05-04,131.0,23.69,2,4.0,24,6.0,12,12,0
116,117.0,Dr YS Rajasekhara Reddy Cricket Stadium,Delhi Capitals,2019-05-08,133.0,23.65,2,4.0,42,10.5,21,12,0
