Match,Date,Vs,Venue,D/N*,How Dismissed,Out,Runs,Balls,S/R,,TotalRuns,Avg,S/R
1,19/04/2009,Deccan Chargers,Newlands,Yes,c Harmeet Singh b R P Singh,1,10,12,83.33,,10,10,83.33
2,21/04/2009,Kings XI Punjab,Kingsmead,No,not out,0,44,26,169.23,,54,54,142.11
3,23/04/2009,Rajasthan Royals,Newlands,Yes,c R A Jadeja b S K Warne,1,41,33,124.24,,95,47.5,133.8
4,27/04/2009,Mumbai Indians,St George's Park,Yes,c S R Tendulkar b D J J Bravo,1,12,11,109.09,,107,35.67,130.49
5,29/04/2009,Royal Challengers Bangalore,Kingsmead,No,c S P Goswami b K P Appanna,1,40,37,108.11,,147,36.75,123.53
6,1/5/2009,Mumbai Indians,Buffalo Park,No,b Z Khan,1,7,7,100,,154,30.8,122.22
7,3/5/2009,Kings XI Punjab,St George's Park,No,c Yuvraj Singh b Y A Abdulla,1,17,17,100,,171,28.5,119.58
8,22/03/2010,Mumbai Indians,Brabourne Stadium,Yes,lbw b Z Khan,1,75,60,125,,246,35.14,121.18
9,27/03/2010,Kings XI Punjab,Punjab Cricket Association IS Bindra Stadium,Yes,c M S Bisla b S J Srivastava,1,14,12,116.67,,260,32.5,120.93
10,29/03/2010,Delhi Capitals,Arun Jaitley Stadium,Yes,c A Mishra b R Bhatia,1,30,21,142.86,,290,32.22,122.88
11,1/4/2010,Deccan Chargers,Eden Gardens,Yes,c K A J Roach b A Symonds,1,4,7,57.14,,294,29.4,120.99
12,4/4/2010,Kings XI Punjab,Eden Gardens,Yes,c R S Bopara b J Theron,1,88,42,209.52,,382,34.73,134.04
13,7/4/2010,Delhi Capitals,Eden Gardens,Yes,b R Bhatia,1,40,21,190.48,,422,35.17,137.91
14,10/4/2010,Royal Challengers Bangalore,M Chinnaswamy Stadium,Yes,c R Dravid b J H Kallis,1,34,15,226.67,,456,35.08,142.06
15,13/04/2010,Chennai Super Kings,MA Chidambaram Stadium,Yes,st M S Dhoni b R Ashwin,1,7,4,175,,463,33.07,142.46
16,17/04/2010,Rajasthan Royals,Eden Gardens,Yes,b Kamran Khan,1,0,2,0,,463,30.87,141.59
17,22/04/2011,Kolkata Knight Riders,Barabati Stadium,Yes,not out,0,102,55,185.45,,565,37.67,147.91
18,26/04/2011,Delhi Capitals,Arun Jaitley Stadium,Yes,c Y Venugopal Rao b J R Hopes,1,26,14,185.71,,591,36.94,149.24
19,29/04/2011,Pune Warriors,M Chinnaswamy Stadium,Yes,lbw b R Sharma,1,49,26,188.46,,640,37.65,151.66
20,6/5/2011,Kings XI Punjab,M Chinnaswamy Stadium,Yes,c R J Harris b P P Chawla,1,107,49,218.37,,747,41.5,158.6
21,8/5/2011,Kochi Tuskers Kerala,M Chinnaswamy Stadium,Yes,b R Vinay Kumar,1,44,16,275,,791,41.63,162.42
22,11/5/2011,Rajasthan Royals,Sawai Mansingh Stadium,Yes,not out,0,70,44,159.09,,861,45.32,162.15
23,14/05/2011,Kolkata Knight Riders,M Chinnaswamy Stadium,Yes,c J H Kallis b B Lee,1,38,12,316.67,,899,44.95,165.56
24,17/05/2011,Kings XI Punjab,Himachal Pradesh Cricket Association Stadium,Yes,c †A C Gilchrist b R J Harris,1,0,7,0,,899,42.81,163.45
25,22/05/2011,Chennai Super Kings,M Chinnaswamy Stadium,Yes,not out,0,75,50,150,,974,46.38,162.33
26,24/05/2011,Chennai Super Kings,Wankhede Stadium,Yes,lbw b R Ashwin,1,8,9,88.89,,982,44.64,161.25
27,27/05/2011,Mumbai Indians,MA Chidambaram Stadium,Yes,c J E C Franklin b M M Patel,1,89,47,189.36,,1071,46.57,163.26
28,28/05/2011,Chennai Super Kings,MA Chidambaram Stadium,Yes,c †M S Dhoni b R Ashwin,1,0,3,0,,1071,44.63,162.52
29,10/4/2012,Kolkata Knight Riders,M Chinnaswamy Stadium,Yes,c L R Shukla b J H Kallis,1,2,8,25,,1073,42.92,160.87
30,12/4/2012,Chennai Super Kings,MA Chidambaram Stadium,Yes,c D J J Bravo b R A Jadeja,1,68,35,194.29,,1141,43.88,162.54
31,15/04/2012,Rajasthan Royals,M Chinnaswamy Stadium,Yes,b Pankaj Singh,1,8,9,88.89,,1149,42.56,161.6
32,17/04/2012,Pune Warriors,M Chinnaswamy Stadium,Yes,b A Nehra,1,81,48,168.75,,1230,43.93,162.06
33,20/04/2012,Kings XI Punjab,Punjab Cricket Association IS Bindra Stadium,Yes,c D J Hussey b P Awana,1,87,56,155.36,,1317,45.41,161.6
34,23/04/2012,Rajasthan Royals,Sawai Mansingh Stadium,Yes,lbw b G B Hogg,1,4,8,50,,1321,44.03,160.51
35,28/04/2012,Kolkata Knight Riders,Eden Gardens,Yes,c †B B McCullum b L R Shukla,1,86,58,148.28,,1407,45.39,159.7
36,2/5/2012,Kings XI Punjab,M Chinnaswamy Stadium,Yes,c sub b Azhar Mahmood,1,71,42,169.05,,1478,46.19,160.13
37,6/5/2012,Deccan Chargers,M Chinnaswamy Stadium,Yes,b Anand Rajan,1,26,22,118.18,,1504,45.58,159.15
38,9/5/2012,Mumbai Indians,Wankhede Stadium,Yes,not out,0,82,59,138.98,,1586,48.06,157.97
39,11/5/2012,Pune Warriors,Maharashtra Cricket Association Stadium,Yes,c M K Pandey b A D Mathews,1,57,31,183.87,,1643,48.32,158.74
40,14/05/2012,Mumbai Indians,M Chinnaswamy Stadium,Yes,b M M Patel,1,6,8,75,,1649,47.11,158.1
41,17/05/2012,Delhi Capitals,Arun Jaitley Stadium,Yes,not out,0,128,62,206.45,,1777,50.77,160.81
42,20/05/2012,Deccan Chargers,Rajiv Gandhi International Stadium,Yes,b D W Steyn,1,27,10,270,,1804,50.11,161.79
43,4/4/2013,Mumbai Indians,M Chinnaswamy Stadium,Yes,not out,0,92,58,158.62,,1896,52.67,161.64
44,7/4/2013,Sunrisers Hyderabad,Rajiv Gandhi International Stadium,Yes,c †P A Patel b G H Vihari,1,1,2,50,,1897,51.27,161.45
45,9/4/2013,Sunrisers Hyderabad,M Chinnaswamy Stadium,Yes,c †P A Patel b I Sharma,1,13,15,86.67,,1910,50.26,160.5
46,11/4/2013,Kolkata Knight Riders,M Chinnaswamy Stadium,Yes,not out,0,85,50,170,,1995,52.5,160.89
47,13/04/2013,Chennai Super Kings,MA Chidambaram Stadium,Yes,c †M S Dhoni b C H Morris,1,4,10,40,,1999,51.26,159.92
48,16/04/2013,Delhi Capitals,M Chinnaswamy Stadium,Yes,c U T Yadav b M Morkel,1,13,9,144.44,,2012,50.3,159.81
49,20/04/2013,Rajasthan Royals,M Chinnaswamy Stadium,Yes,not out,0,49,44,111.36,,2061,51.53,158.17
50,23/04/2013,Pune Warriors,M Chinnaswamy Stadium,Yes,not out,0,175,66,265.15,,2236,55.9,163.33
51,27/04/2013,Mumbai Indians,Wankhede Stadium,Yes,c A T Rayudu b Harbhajan Singh,1,18,20,90,,2254,54.98,162.28
52,29/04/2013,Rajasthan Royals,Sawai Mansingh Stadium,Yes,c †S V Samson b S R Watson,1,34,16,212.5,,2288,54.48,162.85
53,2/5/2013,Pune Warriors,Maharashtra Cricket Association Stadium,Yes,c B Kumar b T L Suman,1,21,21,100,,2309,53.7,161.92
54,6/5/2013,Kings XI Punjab,Punjab Cricket Association IS Bindra Stadium,Yes,b M Gony,1,61,33,184.85,,2370,53.86,162.44
55,10/5/2013,Delhi Capitals,Arun Jaitley Stadium,Yes,b I K Pathan,1,4,7,57.14,,2374,52.76,161.94
56,12/5/2013,Kolkata Knight Riders,JSCA International Stadium Complex,Yes,st M S Bisla b S P Narine,1,33,36,91.67,,2407,52.33,160.25
57,14/05/2013,Kings XI Punjab,M Chinnaswamy Stadium,Yes,b P Awana,1,77,53,145.28,,2484,52.85,159.74
58,18/05/2013,Chennai Super Kings,M Chinnaswamy Stadium,Yes,c M E K Hussey b D J J Bravo,1,28,13,215.38,,2512,52.33,160.2
59,28/04/2014,Kings XI Punjab,Dubai International Cricket Stadium,Yes,b Sandeep Sharma,1,20,7,285.71,,2532,51.67,160.76
60,4/5/2014,Sunrisers Hyderabad,M Chinnaswamy Stadium,Yes,c D J G Sammy b K V Sharma,1,27,19,142.11,,2559,51.18,160.54
61,6/5/2014,Mumbai Indians,Wankhede Stadium,Yes,b Harbhajan Singh,1,38,24,158.33,,2597,50.92,160.51
62,9/5/2014,Kings XI Punjab,M Chinnaswamy Stadium,Yes,c †W P Saha b Sandeep Sharma,1,4,7,57.14,,2601,50.02,160.06
63,11/5/2014,Rajasthan Royals,M Chinnaswamy Stadium,Yes,c †S V Samson b P V Tambe,1,19,25,76,,2620,49.43,158.79
64,13/05/2014,Delhi Capitals,M Chinnaswamy Stadium,Yes,b R Shukla,1,22,23,95.65,,2642,48.93,157.92
65,18/05/2014,Chennai Super Kings,JSCA International Stadium Complex,Yes,b R Ashwin,1,46,50,92,,2688,48.87,156.01
66,20/05/2014,Sunrisers Hyderabad,Rajiv Gandhi International Stadium,Yes,c Parvez Rasool b K V Sharma,1,14,20,70,,2702,48.25,155.02
67,22/05/2014,Kolkata Knight Riders,Eden Gardens,Yes,lbw b U T Yadav,1,6,9,66.67,,2708,47.51,154.57
68,11/4/2015,Kolkata Knight Riders,Eden Gardens,Yes,run out,1,96,56,171.43,,2804,48.34,155.09
69,13/04/2015,Sunrisers Hyderabad,M Chinnaswamy Stadium,Yes,c A A Ashish Reddy b P Kumar,1,21,16,131.25,,2825,47.88,154.88
70,19/04/2015,Mumbai Indians,M Chinnaswamy Stadium,Yes,b Harbhajan Singh,1,10,24,41.67,,2835,47.25,153.41
71,24/04/2015,Rajasthan Royals,Sardar Patel Stadium,Yes,c †S V Samson b S R Watson,1,20,17,117.65,,2855,46.8,153.08
72,26/04/2015,Delhi Capitals,Arun Jaitley Stadium,Yes,not out,0,62,40,155,,2917,47.82,153.12
73,29/04/2015,Rajasthan Royals,M Chinnaswamy Stadium,Yes,c D J Hooda b T G Southee,1,10,4,250,,2927,47.21,153.33
74,2/5/2015,Kolkata Knight Riders,M Chinnaswamy Stadium,Yes,c A D Russell b G B Hogg,1,21,9,233.33,,2948,46.79,153.7
75,6/5/2015,Kings XI Punjab,M Chinnaswamy Stadium,No,c & b A R Patel,1,117,57,205.26,,3065,47.89,155.19
76,10/5/2015,Mumbai Indians,Wankhede Stadium,Yes,c L M P Simmons b S L Malinga,1,13,12,108.33,,3078,47.35,154.91
77,13/05/2015,Kings XI Punjab,Punjab Cricket Association IS Bindra Stadium,Yes,c †W P Saha b Sandeep Sharma,1,17,14,121.43,,3095,46.89,154.67
78,15/05/2015,Sunrisers Hyderabad,Rajiv Gandhi International Stadium,Yes,c S Dhawan b M C Henriques,1,35,10,350,,3130,46.72,155.64
79,17/05/2015,Delhi Capitals,M Chinnaswamy Stadium,Yes,not out,0,1,5,20,,3131,46.73,155.31
80,20/05/2015,Rajasthan Royals,Maharashtra Cricket Association Stadium,Yes,b D S Kulkarni,1,27,26,103.85,,3158,46.44,154.65
81,22/05/2015,Chennai Super Kings,JSCA International Stadium Complex,Yes,c & b S K Raina,1,41,43,95.35,,3199,46.36,153.43
82,12/4/2016,Sunrisers Hyderabad,M Chinnaswamy Stadium,Yes,b B Kumar,1,1,4,25,,3200,45.71,153.18
83,17/04/2016,Delhi Capitals,M Chinnaswamy Stadium,Yes,c J-P Duminy b Z Khan,1,0,3,0,,3200,45.07,152.96
84,2/5/2016,Kolkata Knight Riders,M Chinnaswamy Stadium,Yes,c †R V Uthappa b M Morkel,1,7,7,100,,3207,44.54,152.79
85,11/5/2016,Mumbai Indians,M Chinnaswamy Stadium,Yes,c R G Sharma b T G Southee,1,5,6,83.33,,3212,44,152.59
86,14/05/2016,Gujarat Lions,M Chinnaswamy Stadium,Yes,b D S Kulkarni,1,6,13,46.15,,3218,43.49,151.94
87,16/05/2016,Kolkata Knight Riders,Eden Gardens,Yes,lbw b S P Narine,1,49,31,158.06,,3267,43.56,152.02
88,18/05/2016,Kings XI Punjab,M Chinnaswamy Stadium,Yes,c D A Miller b A R Patel,1,73,32,228.13,,3340,43.95,153.14
89,22/05/2016,Delhi Capitals,Shaheed Veer Narayan Sing International Stadium,Yes,b C H Morris,1,1,4,25,,3341,43.39,152.91
90,24/05/2016,Gujarat Lions,M Chinnaswamy Stadium,No,b D S Kulkarni,1,9,12,75,,3350,42.95,152.48
91,29/05/2016,Sunrisers Hyderabad,M Chinnaswamy Stadium,Yes,c Bipul Sharma b B C J Cutting,1,76,38,200,,3426,43.37,153.29
92,5/4/2017,Sunrisers Hyderabad,Rajiv Gandhi International Stadium,Yes,c D A Warner b D J Hooda,1,32,21,152.38,,3458,43.23,153.28
93,8/4/2017,Delhi Capitals,M Chinnaswamy Stadium,Yes,c S V Samson b C H Morris,1,6,8,75,,3464,42.77,153
94,14/04/2017,Mumbai Indians,M Chinnaswamy Stadium,Yes,c †P A Patel b H H Pandya,1,22,27,81.48,,3486,42.51,152.16
95,18/04/2017,Gujarat Lions,Saurashtra Cricket Association Stadium,Yes,lbw b Basil Thampi,1,77,38,202.63,,3563,42.93,152.98
96,23/04/2017,Kolkata Knight Riders,Eden Gardens,Yes,c N M Coulter-Nile b C R Woakes,1,7,17,41.18,,3570,42.5,152.17
97,27/04/2017,Gujarat Lions,M Chinnaswamy Stadium,Yes,c †K D Karthik b A J Tye,1,8,11,72.73,,3578,42.09,151.8
98,5/5/2017,Kings XI Punjab,M Chinnaswamy Stadium,Yes,c M J Guptill b Sandeep Sharma,1,0,2,0,,3578,41.6,151.67
99,7/5/2017,Kolkata Knight Riders,M Chinnaswamy Stadium,Yes,c G Gambhir b U T Yadav,1,0,1,0,,3578,41.13,151.61
100,14/05/2017,Delhi Capitals,Arun Jaitley Stadium,Yes,c Z Khan b S Nadeem,1,48,38,126.32,,3626,41.2,151.21
101,15/04/2018,Chennai Super Kings,Punjab Cricket Association IS Bindra Stadium,Yes,c Imran Tahir b S R Watson,1,63,33,190.91,,3689,41.45,151.75
102,19/04/2018,Sunrisers Hyderabad,Punjab Cricket Association IS Bindra Stadium,Yes,not out,0,104,63,165.08,,3793,42.62,152.09
103,21/04/2018,Kolkata Knight Riders,Eden Gardens,Yes,not out,0,62,38,163.16,,3855,43.31,152.25
104,26/04/2018,Sunrisers Hyderabad,Rajiv Gandhi International Stadium,Yes,c & b Basil Thampi,1,23,22,104.55,,3878,43.09,151.84
105,4/5/2018,Mumbai Indians,Holkar Cricket Stadium,Yes,c S A Yadav b B C J Cutting,1,50,40,125,,3928,43.16,151.43
106,6/5/2018,Rajasthan Royals,Holkar Cricket Stadium,Yes,c S V Samson b J C Archer,1,8,11,72.73,,3936,42.78,151.09
107,8/5/2018,Rajasthan Royals,Sawai Mansingh Stadium,Yes,st J C Buttler b K Gowtham,1,1,1,100,,3937,42.33,151.07
108,12/5/2018,Kolkata Knight Riders,Holkar Cricket Stadium,Yes,c †K D Karthik b A D Russell,1,21,17,123.53,,3958,42.11,150.9
109,14/05/2018,Royal Challengers Bangalore,Holkar Cricket Stadium,Yes,c Mohammed Siraj b U T Yadav,1,18,14,128.57,,3976,41.85,150.78
110,16/05/2018,Mumbai Indians,Wankhede Stadium,Yes,c B C J Cutting b M J McClenaghan,1,18,11,163.64,,3994,41.6,150.83
111,20/05/2018,Chennai Super Kings,Maharashtra Cricket Association Stadium,Yes,c †M S Dhoni b L Ngidi,1,0,2,0,,3994,41.18,150.72
112,25/03/2019,Rajasthan Royals,Sawai Mansingh Stadium,Yes,c R A Tripathi b B A Stokes,1,79,47,168.09,,4073,41.56,151.02
113,27/03/2019,Kolkata Knight Riders,Eden Gardens,Yes,c M Prasidh Krishna b A D Russell,1,20,13,153.85,,4093,41.34,151.03
114,30/03/2019,Mumbai Indians,Punjab Cricket Association IS Bindra Stadium,Yes,c H H Pandya b K H Pandya,1,40,24,166.67,,4133,41.33,151.17
115,6/4/2019,Chennai Super Kings,MA Chidambaram Stadium,Yes,c †M S Dhoni b Harbhajan Singh,1,5,7,71.43,,4138,40.97,150.97
116,8/4/2019,Sunrisers Hyderabad,Punjab Cricket Association IS Bindra Stadium,Yes,c D J Hooda b Rashid Khan,1,16,14,114.29,,4154,40.73,150.78
117,10/4/2019,Mumbai Indians,Wankhede Stadium,Yes,c K H Pandya b J P Behrendorff,1,63,36,175,,4217,40.94,151.09
118,13/04/2019,Royal Challengers Bangalore,Punjab Cricket Association IS Bindra Stadium,Yes,not out,0,99,64,154.69,,4316,41.9,151.17
119,16/04/2019,Rajasthan Royals,Punjab Cricket Association IS Bindra Stadium,Yes,c †S V Samson b J C Archer,1,30,22,136.36,,4346,41.79,151.06
120,20/04/2019,Delhi Capitals,Arun Jaitley Stadium,Yes,c A R Patel b S Lamichhane,1,69,37,186.49,,4415,42.05,151.51
121,24/04/2019,Royal Challengers Bangalore,M Chinnaswamy Stadium,Yes,c A B de Villiers b U T Yadav,1,23,10,230,,4438,41.87,151.78
122,29/04/2019,Sunrisers Hyderabad,Rajiv Gandhi International Stadium,No,c M K Pandey b K K Ahmed,1,4,3,133.33,,4442,41.51,151.76
123,3/5/2019,Kolkata Knight Riders,Punjab Cricket Association IS Bindra Stadium,Yes,c Shubman Gill b S S Warrier,1,14,14,100,,4456,41.26,151.51
124,5/5/2019,Chennai Super Kings,Punjab Cricket Association IS Bindra Stadium,Yes,c sub b Harbhajan Singh,1,28,28,100,,4484,41.14,151.03
